# Upper/lower crust interface depth
# POINTS: 2001
0 94550
250 94551.5
500 94553
750 94554.5
1000 94556
1250 94557
1500 94558
1750 94559
2000 94560
2250 94560.8
2500 94561.5
2750 94562.3
3000 94563
3250 94563.8
3500 94564.5
3750 94565.3
4000 94566
4250 94566.8
4500 94567.5
4750 94568.3
5000 94569
5250 94570
5500 94571
5750 94572
6000 94573
6250 94574.5
6500 94576
6750 94577.5
7000 94579
7250 94580.8
7500 94582.5
7750 94584.3
8000 94586
8250 94587.5
8500 94589
8750 94590.5
9000 94592
9250 94593.8
9500 94595.5
9750 94597.3
10000 94599
10250 94601
10500 94603
10750 94605
11000 94607
11250 94609
11500 94611
11750 94613
12000 94615
12250 94617
12500 94619
12750 94621
13000 94623
13250 94625
13500 94627
13750 94629
14000 94631
14250 94633
14500 94635
14750 94637
15000 94639
15250 94641.3
15500 94643.5
15750 94645.8
16000 94648
16250 94650
16500 94652
16750 94654
17000 94656
17250 94658.3
17500 94660.5
17750 94662.8
18000 94665
18250 94667
18500 94669
18750 94671
19000 94673
19250 94675
19500 94677
19750 94679
20000 94681
20250 94682.5
20500 94684
20750 94685.5
21000 94687
21250 94688.8
21500 94690.5
21750 94692.3
22000 94694
22250 94695.3
22500 94696.5
22750 94697.8
23000 94699
23250 94700.5
23500 94702
23750 94703.5
24000 94705
24250 94706.5
24500 94708
24750 94709.5
25000 94711
25250 94712.8
25500 94714.5
25750 94716.3
26000 94718
26250 94720.3
26500 94722.5
26750 94724.8
27000 94727
27250 94729.8
27500 94732.5
27750 94735.3
28000 94738
28250 94741
28500 94744
28750 94747
29000 94750
29250 94753.3
29500 94756.5
29750 94759.8
30000 94763
30250 94766
30500 94769
30750 94772
31000 94775
31250 94778.3
31500 94781.5
31750 94784.8
32000 94788
32250 94790.8
32500 94793.5
32750 94796.3
33000 94799
33250 94801.5
33500 94804
33750 94806.5
34000 94809
34250 94811.3
34500 94813.5
34750 94815.8
35000 94818
35250 94820.5
35500 94823
35750 94825.5
36000 94828
36250 94830.5
36500 94833
36750 94835.5
37000 94838
37250 94840.8
37500 94843.5
37750 94846.3
38000 94849
38250 94852.3
38500 94855.5
38750 94858.8
39000 94862
39250 94865.8
39500 94869.5
39750 94873.3
40000 94877
40250 94880.8
40500 94884.5
40750 94888.3
41000 94892
41250 94896
41500 94900
41750 94904
42000 94908
42250 94911.8
42500 94915.5
42750 94919.3
43000 94923
43250 94926.8
43500 94930.5
43750 94934.3
44000 94938
44250 94941.8
44500 94945.5
44750 94949.3
45000 94953
45250 94956.5
45500 94960
45750 94963.5
46000 94967
46250 94970.5
46500 94974
46750 94977.5
47000 94981
47250 94984.3
47500 94987.5
47750 94990.8
48000 94994
48250 94997.5
48500 95001
48750 95004.5
49000 95008
49250 95011.8
49500 95015.5
49750 95019.3
50000 95023
50250 95027
50500 95031
50750 95035
51000 95039
51250 95043.3
51500 95047.5
51750 95051.8
52000 95056
52250 95060.3
52500 95064.5
52750 95068.8
53000 95073
53250 95077
53500 95081
53750 95085
54000 95089
54250 95093.3
54500 95097.5
54750 95101.8
55000 95106
55250 95110
55500 95114
55750 95118
56000 95122
56250 95126
56500 95130
56750 95134
57000 95138
57250 95142
57500 95146
57750 95150
58000 95154
58250 95158.5
58500 95163
58750 95167.5
59000 95172
59250 95176.5
59500 95181
59750 95185.5
60000 95190
60250 95194.8
60500 95199.5
60750 95204.3
61000 95209
61250 95214
61500 95219
61750 95224
62000 95229
62250 95233.8
62500 95238.5
62750 95243.3
63000 95248
63250 95252.8
63500 95257.5
63750 95262.3
64000 95267
64250 95271.5
64500 95276
64750 95280.5
65000 95285
65250 95289.5
65500 95294
65750 95298.5
66000 95303
66250 95307.5
66500 95312
66750 95316.5
67000 95321
67250 95325.8
67500 95330.5
67750 95335.3
68000 95340
68250 95345
68500 95350
68750 95355
69000 95360
69250 95365.5
69500 95371
69750 95376.5
70000 95382
70250 95387.5
70500 95393
70750 95398.5
71000 95404
71250 95409.8
71500 95415.5
71750 95421.3
72000 95427
72250 95432.5
72500 95438
72750 95443.5
73000 95449
73250 95454.8
73500 95460.5
73750 95466.3
74000 95472
74250 95477.8
74500 95483.5
74750 95489.3
75000 95495
75250 95500.8
75500 95506.5
75750 95512.3
76000 95518
76250 95524.5
76500 95531
76750 95537.5
77000 95544
77250 95550.3
77500 95556.5
77750 95562.8
78000 95569
78250 95575.5
78500 95582
78750 95588.5
79000 95595
79250 95601
79500 95607
79750 95613
80000 95619
80250 95624.8
80500 95630.5
80750 95636.3
81000 95642
81250 95647.8
81500 95653.5
81750 95659.3
82000 95665
82250 95671.5
82500 95678
82750 95684.5
83000 95691
83250 95697.8
83500 95704.5
83750 95711.3
84000 95718
84250 95725.5
84500 95733
84750 95740.5
85000 95748
85250 95755.5
85500 95763
85750 95770.5
86000 95778
86250 95785
86500 95792
86750 95799
87000 95806
87250 95813
87500 95820
87750 95827
88000 95834
88250 95840.5
88500 95847
88750 95853.5
89000 95860
89250 95866.8
89500 95873.5
89750 95880.3
90000 95887
90250 95894
90500 95901
90750 95908
91000 95915
91250 95922.8
91500 95930.5
91750 95938.3
92000 95946
92250 95954
92500 95962
92750 95970
93000 95978
93250 95985.8
93500 95993.5
93750 96001.3
94000 96009
94250 96016.8
94500 96024.5
94750 96032.3
95000 96040
95250 96047.3
95500 96054.5
95750 96061.8
96000 96069
96250 96076.3
96500 96083.5
96750 96090.8
97000 96098
97250 96104
97500 96110
97750 96116
98000 96122
98250 96123
98500 96124
98750 96125
99000 96126
99250 96123.8
99500 96121.5
99750 96119.3
100000 96117
100250 96113.8
100500 96110.5
100750 96107.3
101000 96104
101250 96102.3
101500 96100.5
101750 96098.8
102000 96097
102250 96098.8
102500 96100.5
102750 96102.3
103000 96104
103250 96109.8
103500 96115.5
103750 96121.3
104000 96127
104250 96137.5
104500 96148
104750 96158.5
105000 96169
105250 96179.8
105500 96190.5
105750 96201.3
106000 96212
106250 96222.5
106500 96233
106750 96243.5
107000 96254
107250 96264.3
107500 96274.5
107750 96284.8
108000 96295
108250 96304.8
108500 96314.5
108750 96324.3
109000 96334
109250 96343.5
109500 96353
109750 96362.5
110000 96372
110250 96380.8
110500 96389.5
110750 96398.3
111000 96407
111250 96416
111500 96425
111750 96434
112000 96443
112250 96452.5
112500 96462
112750 96471.5
113000 96481
113250 96491
113500 96501
113750 96511
114000 96521
114250 96532.8
114500 96544.5
114750 96556.3
115000 96568
115250 96579.5
115500 96591
115750 96602.5
116000 96614
116250 96626.3
116500 96638.5
116750 96650.8
117000 96663
117250 96676.3
117500 96689.5
117750 96702.8
118000 96716
118250 96728
118500 96740
118750 96752
119000 96764
119250 96774
119500 96784
119750 96794
120000 96804
120250 96813.5
120500 96823
120750 96832.5
121000 96842
121250 96851.3
121500 96860.5
121750 96869.8
122000 96879
122250 96896.3
122500 96913.5
122750 96930.8
123000 96948
123250 96986.3
123500 97024.5
123750 97062.8
124000 97101
124250 97116.5
124500 97132
124750 97147.5
125000 97163
125250 97178.8
125500 97194.5
125750 97210.3
126000 97226
126250 97242.3
126500 97258.5
126750 97274.8
127000 97291
127250 97307.5
127500 97324
127750 97340.5
128000 97357
128250 97373.8
128500 97390.5
128750 97407.3
129000 97424
129250 97441.5
129500 97459
129750 97476.5
130000 97494
130250 97512
130500 97530
130750 97548
131000 97566
131250 97583.3
131500 97600.5
131750 97617.8
132000 97635
132250 97652.5
132500 97670
132750 97687.5
133000 97705
133250 97723.3
133500 97741.5
133750 97759.8
134000 97778
134250 97797.8
134500 97817.5
134750 97837.3
135000 97857
135250 97878
135500 97899
135750 97920
136000 97941
136250 97962.5
136500 97984
136750 98005.5
137000 98027
137250 98045.3
137500 98063.5
137750 98081.8
138000 98100
138250 98116.5
138500 98133
138750 98149.5
139000 98166
139250 98181.8
139500 98197.5
139750 98213.3
140000 98229
140250 98244.5
140500 98260
140750 98275.5
141000 98291
141250 98307.5
141500 98324
141750 98340.5
142000 98357
142250 98374
142500 98391
142750 98408
143000 98425
143250 98443.8
143500 98462.5
143750 98481.3
144000 98500
144250 98522.5
144500 98545
144750 98567.5
145000 98590
145250 98614.3
145500 98638.5
145750 98662.8
146000 98687
146250 98711.3
146500 98735.5
146750 98759.8
147000 98784
147250 98808.5
147500 98833
147750 98857.5
148000 98882
148250 98908.8
148500 98935.5
148750 98962.3
149000 98989
149250 99011
149500 99033
149750 99055
150000 99077
150250 99093
150500 99109
150750 99125
151000 99141
151250 99157.8
151500 99174.5
151750 99191.3
152000 99208
152250 99227.8
152500 99247.5
152750 99267.3
153000 99287
153250 99312.3
153500 99337.5
153750 99362.8
154000 99388
154250 99420.3
154500 99452.5
154750 99484.8
155000 99517
155250 99547.8
155500 99578.5
155750 99609.3
156000 99640
156250 99669
156500 99698
156750 99727
157000 99756
157250 99788
157500 99820
157750 99852
158000 99884
158250 99915.5
158500 99947
158750 99978.5
159000 100010
159250 100040
159500 100070
159750 100100
160000 100130
160250 100168
160500 100205
160750 100243
161000 100280
161250 100368
161500 100455
161750 100543
162000 100630
162250 100685
162500 100740
162750 100795
163000 100850
163250 100880
163500 100910
163750 100940
164000 100970
164250 100995
164500 101020
164750 101045
165000 101070
165250 101118
165500 101165
165750 101213
166000 101260
166250 101320
166500 101380
166750 101440
167000 101500
167250 101565
167500 101630
167750 101695
168000 101760
168250 101818
168500 101875
168750 101933
169000 101990
169250 102068
169500 102145
169750 102223
170000 102300
170250 102373
170500 102445
170750 102518
171000 102590
171250 102650
171500 102710
171750 102770
172000 102830
172250 102910
172500 102990
172750 103070
173000 103150
173250 103228
173500 103305
173750 103383
174000 103460
174250 103528
174500 103595
174750 103663
175000 103730
175250 103800
175500 103870
175750 103940
176000 104010
176250 104083
176500 104155
176750 104228
177000 104300
177250 104370
177500 104440
177750 104510
178000 104580
178250 104653
178500 104725
178750 104798
179000 104870
179250 104938
179500 105005
179750 105073
180000 105140
180250 105213
180500 105285
180750 105358
181000 105430
181250 105505
181500 105580
181750 105655
182000 105730
182250 105808
182500 105885
182750 105963
183000 106040
183250 106113
183500 106185
183750 106258
184000 106330
184250 106405
184500 106480
184750 106555
185000 106630
185250 106705
185500 106780
185750 106855
186000 106930
186250 107003
186500 107075
186750 107148
187000 107220
187250 107293
187500 107365
187750 107438
188000 107510
188250 107585
188500 107660
188750 107735
189000 107810
189250 107888
189500 107965
189750 108043
190000 108120
190250 108195
190500 108270
190750 108345
191000 108420
191250 108498
191500 108575
191750 108653
192000 108730
192250 108808
192500 108885
192750 108963
193000 109040
193250 109118
193500 109195
193750 109273
194000 109350
194250 109430
194500 109510
194750 109590
195000 109670
195250 109748
195500 109825
195750 109903
196000 109980
196250 110048
196500 110115
196750 110183
197000 110250
197250 110313
197500 110375
197750 110438
198000 110500
198250 110575
198500 110650
198750 110725
199000 110800
199250 110878
199500 110955
199750 111033
200000 111110
200250 111173
200500 111235
200750 111298
201000 111360
201250 111348
201500 111335
201750 111323
202000 111310
202250 111230
202500 111150
202750 111070
203000 110990
203250 110865
203500 110740
203750 110615
204000 110490
204250 110350
204500 110210
204750 110070
205000 109930
205250 109800
205500 109670
205750 109540
206000 109410
206250 109278
206500 109145
206750 109013
207000 108880
207250 108760
207500 108640
207750 108520
208000 108400
208250 108280
208500 108160
208750 108040
209000 107920
209250 107805
209500 107690
209750 107575
210000 107460
210250 107345
210500 107230
210750 107115
211000 107000
211250 106885
211500 106770
211750 106655
212000 106540
212250 106448
212500 106355
212750 106263
213000 106170
213250 106090
213500 106010
213750 105930
214000 105850
214250 105775
214500 105700
214750 105625
215000 105550
215250 105473
215500 105395
215750 105318
216000 105240
216250 105155
216500 105070
216750 104985
217000 104900
217250 104818
217500 104735
217750 104653
218000 104570
218250 104485
218500 104400
218750 104315
219000 104230
219250 104148
219500 104065
219750 103983
220000 103900
220250 103830
220500 103760
220750 103690
221000 103620
221250 103555
221500 103490
221750 103425
222000 103360
222250 103295
222500 103230
222750 103165
223000 103100
223250 103040
223500 102980
223750 102920
224000 102860
224250 102793
224500 102725
224750 102658
225000 102590
225250 102525
225500 102460
225750 102395
226000 102330
226250 102260
226500 102190
226750 102120
227000 102050
227250 101978
227500 101905
227750 101833
228000 101760
228250 101680
228500 101600
228750 101520
229000 101440
229250 101348
229500 101255
229750 101163
230000 101070
230250 100968
230500 100865
230750 100763
231000 100660
231250 100563
231500 100465
231750 100368
232000 100270
232250 100213
232500 100155
232750 100098
233000 100040
233250 100190
233500 100340
233750 100490
234000 100640
234250 100845
234500 101050
234750 101255
235000 101460
235250 101530
235500 101600
235750 101670
236000 101740
236250 101748
236500 101755
236750 101763
237000 101770
237250 101738
237500 101705
237750 101673
238000 101640
238250 101583
238500 101525
238750 101468
239000 101410
239250 101293
239500 101175
239750 101058
240000 100940
240250 100770
240500 100600
240750 100430
241000 100260
241250 100142
241500 100024
241750 99905.3
242000 99787
242250 99719.3
242500 99651.5
242750 99583.8
243000 99516
243250 99451.3
243500 99386.5
243750 99321.8
244000 99257
244250 99190.8
244500 99124.5
244750 99058.3
245000 98992
245250 98928
245500 98864
245750 98800
246000 98736
246250 98672.8
246500 98609.5
246750 98546.3
247000 98483
247250 98420.5
247500 98358
247750 98295.5
248000 98233
248250 98168.8
248500 98104.5
248750 98040.3
249000 97976
249250 97913.3
249500 97850.5
249750 97787.8
250000 97725
250250 97660.8
250500 97596.5
250750 97532.3
251000 97468
251250 97404.3
251500 97340.5
251750 97276.8
252000 97213
252250 97148.8
252500 97084.5
252750 97020.3
253000 96956
253250 96880
253500 96804
253750 96728
254000 96652
254250 96554
254500 96456
254750 96358
255000 96260
255250 96165.5
255500 96071
255750 95976.5
256000 95882
256250 95805.3
256500 95728.5
256750 95651.8
257000 95575
257250 95507.3
257500 95439.5
257750 95371.8
258000 95304
258250 95234.5
258500 95165
258750 95095.5
259000 95026
259250 94956.5
259500 94887
259750 94817.5
260000 94748
260250 94677.8
260500 94607.5
260750 94537.3
261000 94467
261250 94398.5
261500 94330
261750 94261.5
262000 94193
262250 94184.3
262500 94175.5
262750 94166.8
263000 94158
263250 94196.5
263500 94235
263750 94273.5
264000 94312
264250 94353
264500 94394
264750 94435
265000 94476
265250 94533.5
265500 94591
265750 94648.5
266000 94706
266250 94778.5
266500 94851
266750 94923.5
267000 94996
267250 95111.3
267500 95226.5
267750 95341.8
268000 95457
268250 95625
268500 95793
268750 95961
269000 96129
269250 96302
269500 96475
269750 96648
270000 96821
270250 96991.3
270500 97161.5
270750 97331.8
271000 97502
271250 97674
271500 97846
271750 98018
272000 98190
272250 98365.3
272500 98540.5
272750 98715.8
273000 98891
273250 99071.5
273500 99252
273750 99432.5
274000 99613
274250 99787.3
274500 99961.5
274750 100136
275000 100310
275250 100498
275500 100685
275750 100873
276000 101060
276250 101255
276500 101450
276750 101645
277000 101840
277250 102013
277500 102185
277750 102358
278000 102530
278250 102618
278500 102705
278750 102793
279000 102880
279250 102855
279500 102830
279750 102805
280000 102780
280250 102755
280500 102730
280750 102705
281000 102680
281250 102653
281500 102625
281750 102598
282000 102570
282250 102543
282500 102515
282750 102488
283000 102460
283250 102435
283500 102410
283750 102385
284000 102360
284250 102333
284500 102305
284750 102278
285000 102250
285250 102225
285500 102200
285750 102175
286000 102150
286250 102125
286500 102100
286750 102075
287000 102050
287250 102025
287500 102000
287750 101975
288000 101950
288250 101943
288500 101935
288750 101928
289000 101920
289250 101910
289500 101900
289750 101890
290000 101880
290250 101858
290500 101835
290750 101813
291000 101790
291250 101765
291500 101740
291750 101715
292000 101690
292250 101668
292500 101645
292750 101623
293000 101600
293250 101585
293500 101570
293750 101555
294000 101540
294250 101525
294500 101510
294750 101495
295000 101480
295250 101458
295500 101435
295750 101413
296000 101390
296250 101365
296500 101340
296750 101315
297000 101290
297250 101268
297500 101245
297750 101223
298000 101200
298250 101175
298500 101150
298750 101125
299000 101100
299250 101078
299500 101055
299750 101033
300000 101010
300250 100988
300500 100965
300750 100943
301000 100920
301250 100898
301500 100875
301750 100853
302000 100830
302250 100808
302500 100785
302750 100763
303000 100740
303250 100715
303500 100690
303750 100665
304000 100640
304250 100620
304500 100600
304750 100580
305000 100560
305250 100538
305500 100515
305750 100493
306000 100470
306250 100448
306500 100425
306750 100403
307000 100380
307250 100360
307500 100340
307750 100320
308000 100300
308250 100280
308500 100260
308750 100240
309000 100220
309250 100198
309500 100175
309750 100153
310000 100130
310250 100105
310500 100080
310750 100055
311000 100030
311250 100010
311500 99990
311750 99970
312000 99950
312250 99931.3
312500 99912.5
312750 99893.8
313000 99875
313250 99853.8
313500 99832.5
313750 99811.3
314000 99790
314250 99768
314500 99746
314750 99724
315000 99702
315250 99680.8
315500 99659.5
315750 99638.3
316000 99617
316250 99598.8
316500 99580.5
316750 99562.3
317000 99544
317250 99523.5
317500 99503
317750 99482.5
318000 99462
318250 99442.5
318500 99423
318750 99403.5
319000 99384
319250 99364.8
319500 99345.5
319750 99326.3
320000 99307
320250 99287
320500 99267
320750 99247
321000 99227
321250 99210.3
321500 99193.5
321750 99176.8
322000 99160
322250 99143.3
322500 99126.5
322750 99109.8
323000 99093
323250 99072
323500 99051
323750 99030
324000 99009
324250 98987.8
324500 98966.5
324750 98945.3
325000 98924
325250 98902.8
325500 98881.5
325750 98860.3
326000 98839
326250 98812.8
326500 98786.5
326750 98760.3
327000 98734
327250 98715.5
327500 98697
327750 98678.5
328000 98660
328250 98643.5
328500 98627
328750 98610.5
329000 98594
329250 98579.8
329500 98565.5
329750 98551.3
330000 98537
330250 98522.3
330500 98507.5
330750 98492.8
331000 98478
331250 98461.8
331500 98445.5
331750 98429.3
332000 98413
332250 98396.5
332500 98380
332750 98363.5
333000 98347
333250 98330.8
333500 98314.5
333750 98298.3
334000 98282
334250 98266.5
334500 98251
334750 98235.5
335000 98220
335250 98206.8
335500 98193.5
335750 98180.3
336000 98167
336250 98154.8
336500 98142.5
336750 98130.3
337000 98118
337250 98103.8
337500 98089.5
337750 98075.3
338000 98061
338250 98044.8
338500 98028.5
338750 98012.3
339000 97996
339250 97980.3
339500 97964.5
339750 97948.8
340000 97933
340250 97917.8
340500 97902.5
340750 97887.3
341000 97872
341250 97852.8
341500 97833.5
341750 97814.3
342000 97795
342250 97776.5
342500 97758
342750 97739.5
343000 97721
343250 97702.8
343500 97684.5
343750 97666.3
344000 97648
344250 97633.3
344500 97618.5
344750 97603.8
345000 97589
345250 97577.5
345500 97566
345750 97554.5
346000 97543
346250 97531.8
346500 97520.5
346750 97509.3
347000 97498
347250 97486.3
347500 97474.5
347750 97462.8
348000 97451
348250 97442
348500 97433
348750 97424
349000 97415
349250 97409
349500 97403
349750 97397
350000 97391
350250 97384
350500 97377
350750 97370
351000 97363
351250 97353.8
351500 97344.5
351750 97335.3
352000 97326
352250 97315.3
352500 97304.5
352750 97293.8
353000 97283
353250 97271
353500 97259
353750 97247
354000 97235
354250 97222.8
354500 97210.5
354750 97198.3
355000 97186
355250 97174.3
355500 97162.5
355750 97150.8
356000 97139
356250 97128
356500 97117
356750 97106
357000 97095
357250 97084.3
357500 97073.5
357750 97062.8
358000 97052
358250 97041.8
358500 97031.5
358750 97021.3
359000 97011
359250 97001
359500 96991
359750 96981
360000 96971
360250 96961.5
360500 96952
360750 96942.5
361000 96933
361250 96924.3
361500 96915.5
361750 96906.8
362000 96898
362250 96889
362500 96880
362750 96871
363000 96862
363250 96852.8
363500 96843.5
363750 96834.3
364000 96825
364250 96815.3
364500 96805.5
364750 96795.8
365000 96786
365250 96776.3
365500 96766.5
365750 96756.8
366000 96747
366250 96737.8
366500 96728.5
366750 96719.3
367000 96710
367250 96701
367500 96692
367750 96683
368000 96674
368250 96665
368500 96656
368750 96647
369000 96638
369250 96628.3
369500 96618.5
369750 96608.8
370000 96599
370250 96589
370500 96579
370750 96569
371000 96559
371250 96549
371500 96539
371750 96529
372000 96519
372250 96508.8
372500 96498.5
372750 96488.3
373000 96478
373250 96466.8
373500 96455.5
373750 96444.3
374000 96433
374250 96419.5
374500 96406
374750 96392.5
375000 96379
375250 96364.3
375500 96349.5
375750 96334.8
376000 96320
376250 96309.3
376500 96298.5
376750 96287.8
377000 96277
377250 96267.3
377500 96257.5
377750 96247.8
378000 96238
378250 96228.8
378500 96219.5
378750 96210.3
379000 96201
379250 96192.3
379500 96183.5
379750 96174.8
380000 96166
380250 96158.3
380500 96150.5
380750 96142.8
381000 96135
381250 96127.8
381500 96120.5
381750 96113.3
382000 96106
382250 96098.8
382500 96091.5
382750 96084.3
383000 96077
383250 96069.3
383500 96061.5
383750 96053.8
384000 96046
384250 96038.3
384500 96030.5
384750 96022.8
385000 96015
385250 96009
385500 96003
385750 95997
386000 95991
386250 95985.5
386500 95980
386750 95974.5
387000 95969
387250 95963.5
387500 95958
387750 95952.5
388000 95947
388250 95942
388500 95937
388750 95932
389000 95927
389250 95922
389500 95917
389750 95912
390000 95907
390250 95902.3
390500 95897.5
390750 95892.8
391000 95888
391250 95884.5
391500 95881
391750 95877.5
392000 95874
392250 95871.3
392500 95868.5
392750 95865.8
393000 95863
393250 95860.5
393500 95858
393750 95855.5
394000 95853
394250 95848.8
394500 95844.5
394750 95840.3
395000 95836
395250 95830.8
395500 95825.5
395750 95820.3
396000 95815
396250 95810.5
396500 95806
396750 95801.5
397000 95797
397250 95793.8
397500 95790.5
397750 95787.3
398000 95784
398250 95785
398500 95786
398750 95787
399000 95788
399250 95792.3
399500 95796.5
399750 95800.8
400000 95805
400250 95809.8
400500 95814.5
400750 95819.3
401000 95824
401250 95825.8
401500 95827.5
401750 95829.3
402000 95831
402250 95828
402500 95825
402750 95822
403000 95819
403250 95814.8
403500 95810.5
403750 95806.3
404000 95802
404250 95797.3
404500 95792.5
404750 95787.8
405000 95783
405250 95778.3
405500 95773.5
405750 95768.8
406000 95764
406250 95758.8
406500 95753.5
406750 95748.3
407000 95743
407250 95737.5
407500 95732
407750 95726.5
408000 95721
408250 95715.5
408500 95710
408750 95704.5
409000 95699
409250 95693.3
409500 95687.5
409750 95681.8
410000 95676
410250 95670.5
410500 95665
410750 95659.5
411000 95654
411250 95648.8
411500 95643.5
411750 95638.3
412000 95633
412250 95628.3
412500 95623.5
412750 95618.8
413000 95614
413250 95609.5
413500 95605
413750 95600.5
414000 95596
414250 95591.8
414500 95587.5
414750 95583.3
415000 95579
415250 95574.5
415500 95570
415750 95565.5
416000 95561
416250 95556.8
416500 95552.5
416750 95548.3
417000 95544
417250 95539.8
417500 95535.5
417750 95531.3
418000 95527
418250 95522.5
418500 95518
418750 95513.5
419000 95509
419250 95505
419500 95501
419750 95497
420000 95493
420250 95489.3
420500 95485.5
420750 95481.8
421000 95478
421250 95474.3
421500 95470.5
421750 95466.8
422000 95463
422250 95459.5
422500 95456
422750 95452.5
423000 95449
423250 95445.8
423500 95442.5
423750 95439.3
424000 95436
424250 95432.3
424500 95428.5
424750 95424.8
425000 95421
425250 95417.3
425500 95413.5
425750 95409.8
426000 95406
426250 95402
426500 95398
426750 95394
427000 95390
427250 95386
427500 95382
427750 95378
428000 95374
428250 95369.8
428500 95365.5
428750 95361.3
429000 95357
429250 95352.8
429500 95348.5
429750 95344.3
430000 95340
430250 95335.8
430500 95331.5
430750 95327.3
431000 95323
431250 95319.3
431500 95315.5
431750 95311.8
432000 95308
432250 95304.8
432500 95301.5
432750 95298.3
433000 95295
433250 95291.5
433500 95288
433750 95284.5
434000 95281
434250 95277.8
434500 95274.5
434750 95271.3
435000 95268
435250 95264.5
435500 95261
435750 95257.5
436000 95254
436250 95250.8
436500 95247.5
436750 95244.3
437000 95241
437250 95237.3
437500 95233.5
437750 95229.8
438000 95226
438250 95222.5
438500 95219
438750 95215.5
439000 95212
439250 95208.5
439500 95205
439750 95201.5
440000 95198
440250 95194.8
440500 95191.5
440750 95188.3
441000 95185
441250 95181.8
441500 95178.5
441750 95175.3
442000 95172
442250 95169
442500 95166
442750 95163
443000 95160
443250 95156.8
443500 95153.5
443750 95150.3
444000 95147
444250 95143.5
444500 95140
444750 95136.5
445000 95133
445250 95129.5
445500 95126
445750 95122.5
446000 95119
446250 95115.8
446500 95112.5
446750 95109.3
447000 95106
447250 95103
447500 95100
447750 95097
448000 95094
448250 95091.3
448500 95088.5
448750 95085.8
449000 95083
449250 95080.3
449500 95077.5
449750 95074.8
450000 95072
450250 95069
450500 95066
450750 95063
451000 95060
451250 95056.8
451500 95053.5
451750 95050.3
452000 95047
452250 95044
452500 95041
452750 95038
453000 95035
453250 95032
453500 95029
453750 95026
454000 95023
454250 95020.8
454500 95018.5
454750 95016.3
455000 95014
455250 95012.3
455500 95010.5
455750 95008.8
456000 95007
456250 95005.3
456500 95003.5
456750 95001.8
457000 95000
457250 94998
457500 94996
457750 94994
458000 94992
458250 94989.5
458500 94987
458750 94984.5
459000 94982
459250 94979.3
459500 94976.5
459750 94973.8
460000 94971
460250 94968
460500 94965
460750 94962
461000 94959
461250 94956
461500 94953
461750 94950
462000 94947
462250 94944
462500 94941
462750 94938
463000 94935
463250 94932.3
463500 94929.5
463750 94926.8
464000 94924
464250 94921.8
464500 94919.5
464750 94917.3
465000 94915
465250 94912.8
465500 94910.5
465750 94908.3
466000 94906
466250 94904.5
466500 94903
466750 94901.5
467000 94900
467250 94898.5
467500 94897
467750 94895.5
468000 94894
468250 94892.8
468500 94891.5
468750 94890.3
469000 94889
469250 94887.5
469500 94886
469750 94884.5
470000 94883
470250 94881.5
470500 94880
470750 94878.5
471000 94877
471250 94875.3
471500 94873.5
471750 94871.8
472000 94870
472250 94868.3
472500 94866.5
472750 94864.8
473000 94863
473250 94861
473500 94859
473750 94857
474000 94855
474250 94853
474500 94851
474750 94849
475000 94847
475250 94845.3
475500 94843.5
475750 94841.8
476000 94840
476250 94838.3
476500 94836.5
476750 94834.8
477000 94833
477250 94831.5
477500 94830
477750 94828.5
478000 94827
478250 94825.5
478500 94824
478750 94822.5
479000 94821
479250 94819.5
479500 94818
479750 94816.5
480000 94815
480250 94813.3
480500 94811.5
480750 94809.8
481000 94808
481250 94806.5
481500 94805
481750 94803.5
482000 94802
482250 94800
482500 94798
482750 94796
483000 94794
483250 94792.5
483500 94791
483750 94789.5
484000 94788
484250 94786.8
484500 94785.5
484750 94784.3
485000 94783
485250 94782.3
485500 94781.5
485750 94780.8
486000 94780
486250 94779.3
486500 94778.5
486750 94777.8
487000 94777
487250 94776.3
487500 94775.5
487750 94774.8
488000 94774
488250 94773
488500 94772
488750 94771
489000 94770
489250 94769
489500 94768
489750 94767
490000 94766
490250 94764.5
490500 94763
490750 94761.5
491000 94760
491250 94759
491500 94758
491750 94757
492000 94756
492250 94755
492500 94754
492750 94753
493000 94752
493250 94751.5
493500 94751
493750 94750.5
494000 94750
494250 94749.3
494500 94748.5
494750 94747.8
495000 94747
495250 94746.5
495500 94746
495750 94745.5
496000 94745
496250 94744.3
496500 94743.5
496750 94742.8
497000 94742
497250 94741
497500 94740
497750 94739
498000 94738
498250 94736.8
498500 94735.5
498750 94734.3
499000 94733
499250 94732
499500 94731
499750 94730
500000 94729

