# LAB depth
# POINTS: 2001
0 104540
250 104540
500 104540
750 104540
1000 104540
1250 104543
1500 104545
1750 104548
2000 104550
2250 104550
2500 104550
2750 104550
3000 104550
3250 104553
3500 104555
3750 104558
4000 104560
4250 104560
4500 104560
4750 104560
5000 104560
5250 104563
5500 104565
5750 104568
6000 104570
6250 104570
6500 104570
6750 104570
7000 104570
7250 104570
7500 104570
7750 104570
8000 104570
8250 104573
8500 104575
8750 104578
9000 104580
9250 104583
9500 104585
9750 104588
10000 104590
10250 104590
10500 104590
10750 104590
11000 104590
11250 104593
11500 104595
11750 104598
12000 104600
12250 104603
12500 104605
12750 104608
13000 104610
13250 104610
13500 104610
13750 104610
14000 104610
14250 104613
14500 104615
14750 104618
15000 104620
15250 104623
15500 104625
15750 104628
16000 104630
16250 104630
16500 104630
16750 104630
17000 104630
17250 104633
17500 104635
17750 104638
18000 104640
18250 104643
18500 104645
18750 104648
19000 104650
19250 104653
19500 104655
19750 104658
20000 104660
20250 104663
20500 104665
20750 104668
21000 104670
21250 104673
21500 104675
21750 104678
22000 104680
22250 104683
22500 104685
22750 104688
23000 104690
23250 104693
23500 104695
23750 104698
24000 104700
24250 104703
24500 104705
24750 104708
25000 104710
25250 104713
25500 104715
25750 104718
26000 104720
26250 104723
26500 104725
26750 104728
27000 104730
27250 104733
27500 104735
27750 104738
28000 104740
28250 104743
28500 104745
28750 104748
29000 104750
29250 104753
29500 104755
29750 104758
30000 104760
30250 104763
30500 104765
30750 104768
31000 104770
31250 104773
31500 104775
31750 104778
32000 104780
32250 104783
32500 104785
32750 104788
33000 104790
33250 104793
33500 104795
33750 104798
34000 104800
34250 104805
34500 104810
34750 104815
35000 104820
35250 104823
35500 104825
35750 104828
36000 104830
36250 104833
36500 104835
36750 104838
37000 104840
37250 104845
37500 104850
37750 104855
38000 104860
38250 104863
38500 104865
38750 104868
39000 104870
39250 104873
39500 104875
39750 104878
40000 104880
40250 104885
40500 104890
40750 104895
41000 104900
41250 104903
41500 104905
41750 104908
42000 104910
42250 104913
42500 104915
42750 104918
43000 104920
43250 104923
43500 104925
43750 104928
44000 104930
44250 104935
44500 104940
44750 104945
45000 104950
45250 104953
45500 104955
45750 104958
46000 104960
46250 104965
46500 104970
46750 104975
47000 104980
47250 104983
47500 104985
47750 104988
48000 104990
48250 104995
48500 105000
48750 105005
49000 105010
49250 105015
49500 105020
49750 105025
50000 105030
50250 105035
50500 105040
50750 105045
51000 105050
51250 105053
51500 105055
51750 105058
52000 105060
52250 105065
52500 105070
52750 105075
53000 105080
53250 105085
53500 105090
53750 105095
54000 105100
54250 105105
54500 105110
54750 105115
55000 105120
55250 105123
55500 105125
55750 105128
56000 105130
56250 105135
56500 105140
56750 105145
57000 105150
57250 105155
57500 105160
57750 105165
58000 105170
58250 105175
58500 105180
58750 105185
59000 105190
59250 105195
59500 105200
59750 105205
60000 105210
60250 105215
60500 105220
60750 105225
61000 105230
61250 105235
61500 105240
61750 105245
62000 105250
62250 105255
62500 105260
62750 105265
63000 105270
63250 105275
63500 105280
63750 105285
64000 105290
64250 105295
64500 105300
64750 105305
65000 105310
65250 105315
65500 105320
65750 105325
66000 105330
66250 105335
66500 105340
66750 105345
67000 105350
67250 105355
67500 105360
67750 105365
68000 105370
68250 105375
68500 105380
68750 105385
69000 105390
69250 105395
69500 105400
69750 105405
70000 105410
70250 105418
70500 105425
70750 105433
71000 105440
71250 105445
71500 105450
71750 105455
72000 105460
72250 105465
72500 105470
72750 105475
73000 105480
73250 105485
73500 105490
73750 105495
74000 105500
74250 105508
74500 105515
74750 105523
75000 105530
75250 105535
75500 105540
75750 105545
76000 105550
76250 105555
76500 105560
76750 105565
77000 105570
77250 105578
77500 105585
77750 105593
78000 105600
78250 105605
78500 105610
78750 105615
79000 105620
79250 105628
79500 105635
79750 105643
80000 105650
80250 105655
80500 105660
80750 105665
81000 105670
81250 105678
81500 105685
81750 105693
82000 105700
82250 105705
82500 105710
82750 105715
83000 105720
83250 105728
83500 105735
83750 105743
84000 105750
84250 105758
84500 105765
84750 105773
85000 105780
85250 105788
85500 105795
85750 105803
86000 105810
86250 105815
86500 105820
86750 105825
87000 105830
87250 105838
87500 105845
87750 105853
88000 105860
88250 105868
88500 105875
88750 105883
89000 105890
89250 105898
89500 105905
89750 105913
90000 105920
90250 105928
90500 105935
90750 105943
91000 105950
91250 105958
91500 105965
91750 105973
92000 105980
92250 105988
92500 105995
92750 106003
93000 106010
93250 106018
93500 106025
93750 106033
94000 106040
94250 106048
94500 106055
94750 106063
95000 106070
95250 106080
95500 106090
95750 106100
96000 106110
96250 106118
96500 106125
96750 106133
97000 106140
97250 106145
97500 106150
97750 106155
98000 106160
98250 106160
98500 106160
98750 106160
99000 106160
99250 106158
99500 106155
99750 106153
100000 106150
100250 106148
100500 106145
100750 106143
101000 106140
101250 106140
101500 106140
101750 106140
102000 106140
102250 106143
102500 106145
102750 106148
103000 106150
103250 106158
103500 106165
103750 106173
104000 106180
104250 106190
104500 106200
104750 106210
105000 106220
105250 106230
105500 106240
105750 106250
106000 106260
106250 106270
106500 106280
106750 106290
107000 106300
107250 106310
107500 106320
107750 106330
108000 106340
108250 106348
108500 106355
108750 106363
109000 106370
109250 106380
109500 106390
109750 106400
110000 106410
110250 106423
110500 106435
110750 106448
111000 106460
111250 106470
111500 106480
111750 106490
112000 106500
112250 106513
112500 106525
112750 106538
113000 106550
113250 106563
113500 106575
113750 106588
114000 106600
114250 106613
114500 106625
114750 106638
115000 106650
115250 106663
115500 106675
115750 106688
116000 106700
116250 106713
116500 106725
116750 106738
117000 106750
117250 106765
117500 106780
117750 106795
118000 106810
118250 106823
118500 106835
118750 106848
119000 106860
119250 106873
119500 106885
119750 106898
120000 106910
120250 106923
120500 106935
120750 106948
121000 106960
121250 106975
121500 106990
121750 107005
122000 107020
122250 107035
122500 107050
122750 107065
123000 107080
123250 107098
123500 107115
123750 107133
124000 107150
124250 107180
124500 107210
124750 107240
125000 107270
125250 107285
125500 107300
125750 107315
126000 107330
126250 107345
126500 107360
126750 107375
127000 107390
127250 107405
127500 107420
127750 107435
128000 107450
128250 107465
128500 107480
128750 107495
129000 107510
129250 107525
129500 107540
129750 107555
130000 107570
130250 107585
130500 107600
130750 107615
131000 107630
131250 107648
131500 107665
131750 107683
132000 107700
132250 107718
132500 107735
132750 107753
133000 107770
133250 107793
133500 107815
133750 107838
134000 107860
134250 107880
134500 107900
134750 107920
135000 107940
135250 107960
135500 107980
135750 108000
136000 108020
136250 108040
136500 108060
136750 108080
137000 108100
137250 108120
137500 108140
137750 108160
138000 108180
138250 108200
138500 108220
138750 108240
139000 108260
139250 108280
139500 108300
139750 108320
140000 108340
140250 108360
140500 108380
140750 108400
141000 108420
141250 108440
141500 108460
141750 108480
142000 108500
142250 108523
142500 108545
142750 108568
143000 108590
143250 108610
143500 108630
143750 108650
144000 108670
144250 108693
144500 108715
144750 108738
145000 108760
145250 108780
145500 108800
145750 108820
146000 108840
146250 108863
146500 108885
146750 108908
147000 108930
147250 108950
147500 108970
147750 108990
148000 109010
148250 109033
148500 109055
148750 109078
149000 109100
149250 109118
149500 109135
149750 109153
150000 109170
150250 109188
150500 109205
150750 109223
151000 109240
151250 109265
151500 109290
151750 109315
152000 109340
152250 109365
152500 109390
152750 109415
153000 109440
153250 109468
153500 109495
153750 109523
154000 109550
154250 109583
154500 109615
154750 109648
155000 109680
155250 109713
155500 109745
155750 109778
156000 109810
156250 109845
156500 109880
156750 109915
157000 109950
157250 109988
157500 110025
157750 110063
158000 110100
158250 110145
158500 110190
158750 110235
159000 110280
159250 110330
159500 110380
159750 110430
160000 110480
160250 110530
160500 110580
160750 110630
161000 110680
161250 110725
161500 110770
161750 110815
162000 110860
162250 110908
162500 110955
162750 111003
163000 111050
163250 111103
163500 111155
163750 111208
164000 111260
164250 111313
164500 111365
164750 111418
165000 111470
165250 111520
165500 111570
165750 111620
166000 111670
166250 111720
166500 111770
166750 111820
167000 111870
167250 111940
167500 112010
167750 112080
168000 112150
168250 112218
168500 112285
168750 112353
169000 112420
169250 112473
169500 112525
169750 112578
170000 112630
170250 112710
170500 112790
170750 112870
171000 112950
171250 113023
171500 113095
171750 113168
172000 113240
172250 113298
172500 113355
172750 113413
173000 113470
173250 113543
173500 113615
173750 113688
174000 113760
174250 113820
174500 113880
174750 113940
175000 114000
175250 114063
175500 114125
175750 114188
176000 114250
176250 114375
176500 114500
176750 114625
177000 114750
177250 114823
177500 114895
177750 114968
178000 115040
178250 115100
178500 115160
178750 115220
179000 115280
179250 115340
179500 115400
179750 115460
180000 115520
180250 115585
180500 115650
180750 115715
181000 115780
181250 115845
181500 115910
181750 115975
182000 116040
182250 116108
182500 116175
182750 116243
183000 116310
183250 116378
183500 116445
183750 116513
184000 116580
184250 116645
184500 116710
184750 116775
185000 116840
185250 116903
185500 116965
185750 117028
186000 117090
186250 117163
186500 117235
186750 117308
187000 117380
187250 117365
187500 117350
187750 117335
188000 117320
188250 117255
188500 117190
188750 117125
189000 117060
189250 116988
189500 116915
189750 116843
190000 116770
190250 116695
190500 116620
190750 116545
191000 116470
191250 116398
191500 116325
191750 116253
192000 116180
192250 116108
192500 116035
192750 115963
193000 115890
193250 115830
193500 115770
193750 115710
194000 115650
194250 115593
194500 115535
194750 115478
195000 115420
195250 115368
195500 115315
195750 115263
196000 115210
196250 115155
196500 115100
196750 115045
197000 114990
197250 114938
197500 114885
197750 114833
198000 114780
198250 114730
198500 114680
198750 114630
199000 114580
199250 114530
199500 114480
199750 114430
200000 114380
200250 114338
200500 114295
200750 114253
201000 114210
201250 114160
201500 114110
201750 114060
202000 114010
202250 113963
202500 113915
202750 113868
203000 113820
203250 113780
203500 113740
203750 113700
204000 113660
204250 113608
204500 113555
204750 113503
205000 113450
205250 113400
205500 113350
205750 113300
206000 113250
206250 113195
206500 113140
206750 113085
207000 113030
207250 112963
207500 112895
207750 112828
208000 112760
208250 112088
208500 111415
208750 110743
209000 110070
209250 109935
209500 109800
209750 109665
210000 109530
210250 109413
210500 109295
210750 109178
211000 109060
211250 108955
211500 108850
211750 108745
212000 108640
212250 108540
212500 108440
212750 108340
213000 108240
213250 108140
213500 108040
213750 107940
214000 107840
214250 107743
214500 107645
214750 107548
215000 107450
215250 107353
215500 107255
215750 107158
216000 107060
216250 106960
216500 106860
216750 106760
217000 106660
217250 106560
217500 106460
217750 106360
218000 106260
218250 106163
218500 106065
218750 105968
219000 105870
219250 105775
219500 105680
219750 105585
220000 105490
220250 105403
220500 105315
220750 105228
221000 105140
221250 105053
221500 104965
221750 104878
222000 104790
222250 104713
222500 104635
222750 104558
223000 104480
223250 104408
223500 104335
223750 104263
224000 104190
224250 104115
224500 104040
224750 103965
225000 103890
225250 103818
225500 103745
225750 103673
226000 103600
226250 103525
226500 103450
226750 103375
227000 103300
227250 103218
227500 103135
227750 103053
228000 102970
228250 102925
228500 102880
228750 102835
229000 102790
229250 102870
229500 102950
229750 103030
230000 103110
230250 103208
230500 103305
230750 103403
231000 103500
231250 103525
231500 103550
231750 103575
232000 103600
232250 103580
232500 103560
232750 103540
233000 103520
233250 103475
233500 103430
233750 103385
234000 103340
234250 103278
234500 103215
234750 103153
235000 103090
235250 103070
235500 103050
235750 103030
236000 103010
236250 103018
236500 103025
236750 103033
237000 103040
237250 103110
237500 103180
237750 103250
238000 103320
238250 103430
238500 103540
238750 103650
239000 103760
239250 103885
239500 104010
239750 104135
240000 104260
240250 104403
240500 104545
240750 104688
241000 104830
241250 104980
241500 105130
241750 105280
242000 105430
242250 105598
242500 105765
242750 105933
243000 106100
243250 106488
243500 106875
243750 107263
244000 107650
244250 107783
244500 107915
244750 108048
245000 108180
245250 108183
245500 108185
245750 108188
246000 108190
246250 108145
246500 108100
246750 108055
247000 108010
247250 107945
247500 107880
247750 107815
248000 107750
248250 107685
248500 107620
248750 107555
249000 107490
249250 107435
249500 107380
249750 107325
250000 107270
250250 107210
250500 107150
250750 107090
251000 107030
251250 106980
251500 106930
251750 106880
252000 106830
252250 106778
252500 106725
252750 106673
253000 106620
253250 106565
253500 106510
253750 106455
254000 106400
254250 106335
254500 106270
254750 106205
255000 106140
255250 106070
255500 106000
255750 105930
256000 105860
256250 105790
256500 105720
256750 105650
257000 105580
257250 105510
257500 105440
257750 105370
258000 105300
258250 105228
258500 105155
258750 105083
259000 105010
259250 104935
259500 104860
259750 104785
260000 104710
260250 104638
260500 104565
260750 104493
261000 104420
261250 104343
261500 104265
261750 104188
262000 104110
262250 104023
262500 103935
262750 103848
263000 103760
263250 103683
263500 103605
263750 103528
264000 103450
264250 103380
264500 103310
264750 103240
265000 103170
265250 103095
265500 103020
265750 102945
266000 102870
266250 102800
266500 102730
266750 102660
267000 102590
267250 102515
267500 102440
267750 102365
268000 102290
268250 102215
268500 102140
268750 102065
269000 101990
269250 101915
269500 101840
269750 101765
270000 101690
270250 101610
270500 101530
270750 101450
271000 101370
271250 101290
271500 101210
271750 101130
272000 101050
272250 101055
272500 101060
272750 101065
273000 101070
273250 101183
273500 101295
273750 101408
274000 101520
274250 101698
274500 101875
274750 102053
275000 102230
275250 102468
275500 102705
275750 102943
276000 103180
276250 103533
276500 103885
276750 104238
277000 104590
277250 104828
277500 105065
277750 105303
278000 105540
278250 105720
278500 105900
278750 106080
279000 106260
279250 106420
279500 106580
279750 106740
280000 106900
280250 107053
280500 107205
280750 107358
281000 107510
281250 107660
281500 107810
281750 107960
282000 108110
282250 108258
282500 108405
282750 108553
283000 108700
283250 108858
283500 109015
283750 109173
284000 109330
284250 109495
284500 109660
284750 109825
285000 109990
285250 110168
285500 110345
285750 110523
286000 110700
286250 110878
286500 111055
286750 111233
287000 111410
287250 111528
287500 111645
287750 111763
288000 111880
288250 111868
288500 111855
288750 111843
289000 111830
289250 111808
289500 111785
289750 111763
290000 111740
290250 111723
290500 111705
290750 111688
291000 111670
291250 111645
291500 111620
291750 111595
292000 111570
292250 111548
292500 111525
292750 111503
293000 111480
293250 111455
293500 111430
293750 111405
294000 111380
294250 111358
294500 111335
294750 111313
295000 111290
295250 111275
295500 111260
295750 111245
296000 111230
296250 111218
296500 111205
296750 111193
297000 111180
297250 111170
297500 111160
297750 111150
298000 111140
298250 111123
298500 111105
298750 111088
299000 111070
299250 111045
299500 111020
299750 110995
300000 110970
300250 110955
300500 110940
300750 110925
301000 110910
301250 110898
301500 110885
301750 110873
302000 110860
302250 110840
302500 110820
302750 110800
303000 110780
303250 110760
303500 110740
303750 110720
304000 110700
304250 110680
304500 110660
304750 110640
305000 110620
305250 110598
305500 110575
305750 110553
306000 110530
306250 110508
306500 110485
306750 110463
307000 110440
307250 110420
307500 110400
307750 110380
308000 110360
308250 110338
308500 110315
308750 110293
309000 110270
309250 110248
309500 110225
309750 110203
310000 110180
310250 110160
310500 110140
310750 110120
311000 110100
311250 110083
311500 110065
311750 110048
312000 110030
312250 110008
312500 109985
312750 109963
313000 109940
313250 109918
313500 109895
313750 109873
314000 109850
314250 109830
314500 109810
314750 109790
315000 109770
315250 109753
315500 109735
315750 109718
316000 109700
316250 109678
316500 109655
316750 109633
317000 109610
317250 109588
317500 109565
317750 109543
318000 109520
318250 109498
318500 109475
318750 109453
319000 109430
319250 109408
319500 109385
319750 109363
320000 109340
320250 109323
320500 109305
320750 109288
321000 109270
321250 109253
321500 109235
321750 109218
322000 109200
322250 109183
322500 109165
322750 109148
323000 109130
323250 109115
323500 109100
323750 109085
324000 109070
324250 109053
324500 109035
324750 109018
325000 109000
325250 108973
325500 108945
325750 108918
326000 108890
326250 108870
326500 108850
326750 108830
327000 108810
327250 108793
327500 108775
327750 108758
328000 108740
328250 108723
328500 108705
328750 108688
329000 108670
329250 108655
329500 108640
329750 108625
330000 108610
330250 108593
330500 108575
330750 108558
331000 108540
331250 108525
331500 108510
331750 108495
332000 108480
332250 108465
332500 108450
332750 108435
333000 108420
333250 108405
333500 108390
333750 108375
334000 108360
334250 108338
334500 108315
334750 108293
335000 108270
335250 108250
335500 108230
335750 108210
336000 108190
336250 108173
336500 108155
336750 108138
337000 108120
337250 108103
337500 108085
337750 108068
338000 108050
338250 108038
338500 108025
338750 108013
339000 108000
339250 107988
339500 107975
339750 107963
340000 107950
340250 107935
340500 107920
340750 107905
341000 107890
341250 107878
341500 107865
341750 107853
342000 107840
342250 107825
342500 107810
342750 107795
343000 107780
343250 107765
343500 107750
343750 107735
344000 107720
344250 107708
344500 107695
344750 107683
345000 107670
345250 107655
345500 107640
345750 107625
346000 107610
346250 107595
346500 107580
346750 107565
347000 107550
347250 107538
347500 107525
347750 107513
348000 107500
348250 107490
348500 107480
348750 107470
349000 107460
349250 107453
349500 107445
349750 107438
350000 107430
350250 107423
350500 107415
350750 107408
351000 107400
351250 107393
351500 107385
351750 107378
352000 107370
352250 107360
352500 107350
352750 107340
353000 107330
353250 107320
353500 107310
353750 107300
354000 107290
354250 107278
354500 107265
354750 107253
355000 107240
355250 107230
355500 107220
355750 107210
356000 107200
356250 107190
356500 107180
356750 107170
357000 107160
357250 107150
357500 107140
357750 107130
358000 107120
358250 107108
358500 107095
358750 107083
359000 107070
359250 107060
359500 107050
359750 107040
360000 107030
360250 107020
360500 107010
360750 107000
361000 106990
361250 106980
361500 106970
361750 106960
362000 106950
362250 106940
362500 106930
362750 106920
363000 106910
363250 106900
363500 106890
363750 106880
364000 106870
364250 106860
364500 106850
364750 106840
365000 106830
365250 106820
365500 106810
365750 106800
366000 106790
366250 106780
366500 106770
366750 106760
367000 106750
367250 106738
367500 106725
367750 106713
368000 106700
368250 106688
368500 106675
368750 106663
369000 106650
369250 106640
369500 106630
369750 106620
370000 106610
370250 106598
370500 106585
370750 106573
371000 106560
371250 106548
371500 106535
371750 106523
372000 106510
372250 106498
372500 106485
372750 106473
373000 106460
373250 106448
373500 106435
373750 106423
374000 106410
374250 106398
374500 106385
374750 106373
375000 106360
375250 106348
375500 106335
375750 106323
376000 106310
376250 106305
376500 106300
376750 106295
377000 106290
377250 106280
377500 106270
377750 106260
378000 106250
378250 106243
378500 106235
378750 106228
379000 106220
379250 106215
379500 106210
379750 106205
380000 106200
380250 106193
380500 106185
380750 106178
381000 106170
381250 106163
381500 106155
381750 106148
382000 106140
382250 106133
382500 106125
382750 106118
383000 106110
383250 106105
383500 106100
383750 106095
384000 106090
384250 106083
384500 106075
384750 106068
385000 106060
385250 106053
385500 106045
385750 106038
386000 106030
386250 106025
386500 106020
386750 106015
387000 106010
387250 106005
387500 106000
387750 105995
388000 105990
388250 105985
388500 105980
388750 105975
389000 105970
389250 105965
389500 105960
389750 105955
390000 105950
390250 105945
390500 105940
390750 105935
391000 105930
391250 105928
391500 105925
391750 105923
392000 105920
392250 105913
392500 105905
392750 105898
393000 105890
393250 105885
393500 105880
393750 105875
394000 105870
394250 105868
394500 105865
394750 105863
395000 105860
395250 105858
395500 105855
395750 105853
396000 105850
396250 105845
396500 105840
396750 105835
397000 105830
397250 105825
397500 105820
397750 105815
398000 105810
398250 105810
398500 105810
398750 105810
399000 105810
399250 105815
399500 105820
399750 105825
400000 105830
400250 105835
400500 105840
400750 105845
401000 105850
401250 105853
401500 105855
401750 105858
402000 105860
402250 105855
402500 105850
402750 105845
403000 105840
403250 105835
403500 105830
403750 105825
404000 105820
404250 105815
404500 105810
404750 105805
405000 105800
405250 105795
405500 105790
405750 105785
406000 105780
406250 105775
406500 105770
406750 105765
407000 105760
407250 105755
407500 105750
407750 105745
408000 105740
408250 105735
408500 105730
408750 105725
409000 105720
409250 105715
409500 105710
409750 105705
410000 105700
410250 105695
410500 105690
410750 105685
411000 105680
411250 105675
411500 105670
411750 105665
412000 105660
412250 105655
412500 105650
412750 105645
413000 105640
413250 105635
413500 105630
413750 105625
414000 105620
414250 105615
414500 105610
414750 105605
415000 105600
415250 105598
415500 105595
415750 105593
416000 105590
416250 105585
416500 105580
416750 105575
417000 105570
417250 105565
417500 105560
417750 105555
418000 105550
418250 105545
418500 105540
418750 105535
419000 105530
419250 105525
419500 105520
419750 105515
420000 105510
420250 105505
420500 105500
420750 105495
421000 105490
421250 105485
421500 105480
421750 105475
422000 105470
422250 105465
422500 105460
422750 105455
423000 105450
423250 105445
423500 105440
423750 105435
424000 105430
424250 105428
424500 105425
424750 105423
425000 105420
425250 105415
425500 105410
425750 105405
426000 105400
426250 105398
426500 105395
426750 105393
427000 105390
427250 105385
427500 105380
427750 105375
428000 105370
428250 105365
428500 105360
428750 105355
429000 105350
429250 105348
429500 105345
429750 105343
430000 105340
430250 105335
430500 105330
430750 105325
431000 105320
431250 105318
431500 105315
431750 105313
432000 105310
432250 105305
432500 105300
432750 105295
433000 105290
433250 105285
433500 105280
433750 105275
434000 105270
434250 105268
434500 105265
434750 105263
435000 105260
435250 105255
435500 105250
435750 105245
436000 105240
436250 105238
436500 105235
436750 105233
437000 105230
437250 105225
437500 105220
437750 105215
438000 105210
438250 105208
438500 105205
438750 105203
439000 105200
439250 105195
439500 105190
439750 105185
440000 105180
440250 105178
440500 105175
440750 105173
441000 105170
441250 105168
441500 105165
441750 105163
442000 105160
442250 105155
442500 105150
442750 105145
443000 105140
443250 105138
443500 105135
443750 105133
444000 105130
444250 105128
444500 105125
444750 105123
445000 105120
445250 105115
445500 105110
445750 105105
446000 105100
446250 105098
446500 105095
446750 105093
447000 105090
447250 105088
447500 105085
447750 105083
448000 105080
448250 105075
448500 105070
448750 105065
449000 105060
449250 105058
449500 105055
449750 105053
450000 105050
450250 105048
450500 105045
450750 105043
451000 105040
451250 105038
451500 105035
451750 105033
452000 105030
452250 105025
452500 105020
452750 105015
453000 105010
453250 105008
453500 105005
453750 105003
454000 105000
454250 104995
454500 104990
454750 104985
455000 104980
455250 104978
455500 104975
455750 104973
456000 104970
456250 104968
456500 104965
456750 104963
457000 104960
457250 104958
457500 104955
457750 104953
458000 104950
458250 104948
458500 104945
458750 104943
459000 104940
459250 104938
459500 104935
459750 104933
460000 104930
460250 104928
460500 104925
460750 104923
461000 104920
461250 104920
461500 104920
461750 104920
462000 104920
462250 104918
462500 104915
462750 104913
463000 104910
463250 104908
463500 104905
463750 104903
464000 104900
464250 104898
464500 104895
464750 104893
465000 104890
465250 104888
465500 104885
465750 104883
466000 104880
466250 104880
466500 104880
466750 104880
467000 104880
467250 104878
467500 104875
467750 104873
468000 104870
468250 104868
468500 104865
468750 104863
469000 104860
469250 104858
469500 104855
469750 104853
470000 104850
470250 104848
470500 104845
470750 104843
471000 104840
471250 104838
471500 104835
471750 104833
472000 104830
472250 104828
472500 104825
472750 104823
473000 104820
473250 104818
473500 104815
473750 104813
474000 104810
474250 104810
474500 104810
474750 104810
475000 104810
475250 104808
475500 104805
475750 104803
476000 104800
476250 104798
476500 104795
476750 104793
477000 104790
477250 104790
477500 104790
477750 104790
478000 104790
478250 104788
478500 104785
478750 104783
479000 104780
479250 104780
479500 104780
479750 104780
480000 104780
480250 104778
480500 104775
480750 104773
481000 104770
481250 104768
481500 104765
481750 104763
482000 104760
482250 104760
482500 104760
482750 104760
483000 104760
483250 104758
483500 104755
483750 104753
484000 104750
484250 104750
484500 104750
484750 104750
485000 104750
485250 104750
485500 104750
485750 104750
486000 104750
486250 104748
486500 104745
486750 104743
487000 104740
487250 104740
487500 104740
487750 104740
488000 104740
488250 104738
488500 104735
488750 104733
489000 104730
489250 104730
489500 104730
489750 104730
490000 104730
490250 104728
490500 104725
490750 104723
491000 104720
491250 104720
491500 104720
491750 104720
492000 104720
492250 104718
492500 104715
492750 104713
493000 104710
493250 104710
493500 104710
493750 104710
494000 104710
494250 104710
494500 104710
494750 104710
495000 104710
495250 104708
495500 104705
495750 104703
496000 104700
496250 104700
496500 104700
496750 104700
497000 104700
497250 104700
497500 104700
497750 104700
498000 104700
498250 104700
498500 104700
498750 104700
499000 104700
499250 104700
499500 104700
499750 104700
500000 104700

