# Surface topography
# POINTS: 2001
0 -680
250 -680
500 -680
750 -680
1000 -680
1250 -682.5
1500 -685
1750 -687.5
2000 -690
2250 -690
2500 -690
2750 -690
3000 -690
3250 -690
3500 -690
3750 -690
4000 -690
4250 -690
4500 -690
4750 -690
5000 -690
5250 -690
5500 -690
5750 -690
6000 -690
6250 -687.5
6500 -685
6750 -682.5
7000 -680
7250 -680
7500 -680
7750 -680
8000 -680
8250 -680
8500 -680
8750 -680
9000 -680
9250 -680
9500 -680
9750 -680
10000 -680
10250 -680
10500 -680
10750 -680
11000 -680
11250 -680
11500 -680
11750 -680
12000 -680
12250 -680
12500 -680
12750 -680
13000 -680
13250 -677.5
13500 -675
13750 -672.5
14000 -670
14250 -670
14500 -670
14750 -670
15000 -670
15250 -667.5
15500 -665
15750 -662.5
16000 -660
16250 -660
16500 -660
16750 -660
17000 -660
17250 -660
17500 -660
17750 -660
18000 -660
18250 -660
18500 -660
18750 -660
19000 -660
19250 -660
19500 -660
19750 -660
20000 -660
20250 -660
20500 -660
20750 -660
21000 -660
21250 -657.5
21500 -655
21750 -652.5
22000 -650
22250 -650
22500 -650
22750 -650
23000 -650
23250 -647.5
23500 -645
23750 -642.5
24000 -640
24250 -640
24500 -640
24750 -640
25000 -640
25250 -640
25500 -640
25750 -640
26000 -640
26250 -637.5
26500 -635
26750 -632.5
27000 -630
27250 -630
27500 -630
27750 -630
28000 -630
28250 -627.5
28500 -625
28750 -622.5
29000 -620
29250 -617.5
29500 -615
29750 -612.5
30000 -610
30250 -610
30500 -610
30750 -610
31000 -610
31250 -607.5
31500 -605
31750 -602.5
32000 -600
32250 -600
32500 -600
32750 -600
33000 -600
33250 -597.5
33500 -595
33750 -592.5
34000 -590
34250 -587.5
34500 -585
34750 -582.5
35000 -580
35250 -580
35500 -580
35750 -580
36000 -580
36250 -577.5
36500 -575
36750 -572.5
37000 -570
37250 -567.5
37500 -565
37750 -562.5
38000 -560
38250 -557.5
38500 -555
38750 -552.5
39000 -550
39250 -547.5
39500 -545
39750 -542.5
40000 -540
40250 -537.5
40500 -535
40750 -532.5
41000 -530
41250 -527.5
41500 -525
41750 -522.5
42000 -520
42250 -517.5
42500 -515
42750 -512.5
43000 -510
43250 -507.5
43500 -505
43750 -502.5
44000 -500
44250 -500
44500 -500
44750 -500
45000 -500
45250 -497.5
45500 -495
45750 -492.5
46000 -490
46250 -487.5
46500 -485
46750 -482.5
47000 -480
47250 -477.5
47500 -475
47750 -472.5
48000 -470
48250 -467.5
48500 -465
48750 -462.5
49000 -460
49250 -457.5
49500 -455
49750 -452.5
50000 -450
50250 -447.5
50500 -445
50750 -442.5
51000 -440
51250 -435
51500 -430
51750 -425
52000 -420
52250 -417.5
52500 -415
52750 -412.5
53000 -410
53250 -407.5
53500 -405
53750 -402.5
54000 -400
54250 -397.5
54500 -395
54750 -392.5
55000 -390
55250 -385
55500 -380
55750 -375
56000 -370
56250 -367.5
56500 -365
56750 -362.5
57000 -360
57250 -357.5
57500 -355
57750 -352.5
58000 -350
58250 -347.5
58500 -345
58750 -342.5
59000 -340
59250 -335
59500 -330
59750 -325
60000 -320
60250 -317.5
60500 -315
60750 -312.5
61000 -310
61250 -307.5
61500 -305
61750 -302.5
62000 -300
62250 -295
62500 -290
62750 -285
63000 -280
63250 -277.5
63500 -275
63750 -272.5
64000 -270
64250 -265
64500 -260
64750 -255
65000 -250
65250 -247.5
65500 -245
65750 -242.5
66000 -240
66250 -235
66500 -230
66750 -225
67000 -220
67250 -217.5
67500 -215
67750 -212.5
68000 -210
68250 -205
68500 -200
68750 -195
69000 -190
69250 -185
69500 -180
69750 -175
70000 -170
70250 -165
70500 -160
70750 -155
71000 -150
71250 -147.5
71500 -145
71750 -142.5
72000 -140
72250 -135
72500 -130
72750 -125
73000 -120
73250 -115
73500 -110
73750 -105
74000 -100
74250 -95
74500 -90
74750 -85
75000 -80
75250 -77.5
75500 -75
75750 -72.5
76000 -70
76250 -65
76500 -60
76750 -55
77000 -50
77250 -45
77500 -40
77750 -35
78000 -30
78250 -27.5
78500 -25
78750 -22.5
79000 -20
79250 -15
79500 -10
79750 -5
80000 0
80250 5
80500 10
80750 15
81000 20
81250 25
81500 30
81750 35
82000 40
82250 45
82500 50
82750 55
83000 60
83250 65
83500 70
83750 75
84000 80
84250 85
84500 90
84750 95
85000 100
85250 105
85500 110
85750 115
86000 120
86250 125
86500 130
86750 135
87000 140
87250 147.5
87500 155
87750 162.5
88000 170
88250 175
88500 180
88750 185
89000 190
89250 195
89500 200
89750 205
90000 210
90250 215
90500 220
90750 225
91000 230
91250 235
91500 240
91750 245
92000 250
92250 255
92500 260
92750 265
93000 270
93250 277.5
93500 285
93750 292.5
94000 300
94250 305
94500 310
94750 315
95000 320
95250 327.5
95500 335
95750 342.5
96000 350
96250 355
96500 360
96750 365
97000 370
97250 377.5
97500 385
97750 392.5
98000 400
98250 407.5
98500 415
98750 422.5
99000 430
99250 435
99500 440
99750 445
100000 450
100250 457.5
100500 465
100750 472.5
101000 480
101250 487.5
101500 495
101750 502.5
102000 510
102250 517.5
102500 525
102750 532.5
103000 540
103250 545
103500 550
103750 555
104000 560
104250 567.5
104500 575
104750 582.5
105000 590
105250 597.5
105500 605
105750 612.5
106000 620
106250 627.5
106500 635
106750 642.5
107000 650
107250 657.5
107500 665
107750 672.5
108000 680
108250 687.5
108500 695
108750 702.5
109000 710
109250 717.5
109500 725
109750 732.5
110000 740
110250 747.5
110500 755
110750 762.5
111000 770
111250 780
111500 790
111750 800
112000 810
112250 817.5
112500 825
112750 832.5
113000 840
113250 850
113500 860
113750 870
114000 880
114250 887.5
114500 895
114750 902.5
115000 910
115250 920
115500 930
115750 940
116000 950
116250 957.5
116500 965
116750 972.5
117000 980
117250 990
117500 1000
117750 1010
118000 1020
118250 1030
118500 1040
118750 1050
119000 1060
119250 1070
119500 1080
119750 1090
120000 1100
120250 1110
120500 1120
120750 1130
121000 1140
121250 1150
121500 1160
121750 1170
122000 1180
122250 1190
122500 1200
122750 1210
123000 1220
123250 1230
123500 1240
123750 1250
124000 1260
124250 1275
124500 1290
124750 1300
125000 1310
125250 1320
125500 1330
125750 1340
126000 1350
126250 1365
126500 1380
126750 1390
127000 1400
127250 1410
127500 1420
127750 1430
128000 1440
128250 1455
128500 1470
128750 1480
129000 1490
129250 1500
129500 1510
129750 1520
130000 1530
130250 1545
130500 1560
130750 1570
131000 1580
131250 1590
131500 1600
131750 1615
132000 1630
132250 1640
132500 1650
132750 1665
133000 1680
133250 1690
133500 1700
133750 1715
134000 1730
134250 1740
134500 1750
134750 1765
135000 1780
135250 1795
135500 1810
135750 1825
136000 1840
136250 1850
136500 1860
136750 1875
137000 1890
137250 1905
137500 1920
137750 1935
138000 1950
138250 1965
138500 1980
138750 1995
139000 2010
139250 2025
139500 2040
139750 2055
140000 2070
140250 2085
140500 2100
140750 2115
141000 2130
141250 2145
141500 2160
141750 2175
142000 2190
142250 2210
142500 2230
142750 2245
143000 2260
143250 2275
143500 2290
143750 2305
144000 2320
144250 2340
144500 2360
144750 2375
145000 2390
145250 2405
145500 2420
145750 2440
146000 2460
146250 2475
146500 2490
146750 2510
147000 2530
147250 2550
147500 2570
147750 2585
148000 2600
148250 2620
148500 2640
148750 2660
149000 2680
149250 2700
149500 2720
149750 2740
150000 2760
150250 2780
150500 2800
150750 2820
151000 2840
151250 2860
151500 2880
151750 2905
152000 2930
152250 2950
152500 2970
152750 2990
153000 3010
153250 3035
153500 3060
153750 3080
154000 3100
154250 3125
154500 3150
154750 3175
155000 3200
155250 3220
155500 3240
155750 3265
156000 3290
156250 3315
156500 3340
156750 3365
157000 3390
157250 3420
157500 3450
157750 3475
158000 3500
158250 3530
158500 3560
158750 3585
159000 3610
159250 3640
159500 3670
159750 3700
160000 3730
160250 3755
160500 3780
160750 3810
161000 3840
161250 3870
161500 3900
161750 3925
162000 3950
162250 3980
162500 4010
162750 4045
163000 4080
163250 4110
163500 4140
163750 4170
164000 4200
164250 4235
164500 4270
164750 4300
165000 4330
165250 4365
165500 4400
165750 4430
166000 4460
166250 4495
166500 4530
166750 4565
167000 4600
167250 4630
167500 4660
167750 4695
168000 4730
168250 4715
168500 4700
168750 4690
169000 4680
169250 4590
169500 4500
169750 4410
170000 4320
170250 4200
170500 4080
170750 3965
171000 3850
171250 3725
171500 3600
171750 3480
172000 3360
172250 3255
172500 3150
172750 3050
173000 2950
173250 2840
173500 2730
173750 2625
174000 2520
174250 2490
174500 2460
174750 2370
175000 2280
175250 2160
175500 2030
175750 1940
176000 1850
176250 1770
176500 1700
176750 1620
177000 1540
177250 1460
177500 1370
177750 1310
178000 1250
178250 1190
178500 1130
178750 1080
179000 1020
179250 920
179500 820
179750 760
180000 700
180250 630
180500 560
180750 490
181000 420
181250 330
181500 240
181750 160
182000 80
182250 0
182500 -80
182750 -160
183000 -240
183250 -350
183500 -450
183750 -510
184000 -560
184250 -640
184500 -720
184750 -810
185000 -900
185250 -1020
185500 -1130
185750 -1240
186000 -1350
186250 -1410
186500 -1470
186750 -1560
187000 -1650
187250 -1760
187500 -1870
187750 -1970
188000 -2070
188250 -2120
188500 -2170
188750 -2230
189000 -2280
189250 -2420
189500 -2550
189750 -2670
190000 -2780
190250 -2880
190500 -2980
190750 -3030
191000 -3080
191250 -3150
191500 -3220
191750 -3310
192000 -3400
192250 -3450
192500 -3500
192750 -3580
193000 -3660
193250 -3750
193500 -3840
193750 -3910
194000 -3980
194250 -4050
194500 -4110
194750 -4140
195000 -4160
195250 -4260
195500 -4360
195750 -4410
196000 -4470
196250 -4480
196500 -4500
196750 -4460
197000 -4430
197250 -4500
197500 -4580
197750 -4600
198000 -4630
198250 -4690
198500 -4750
198750 -4760
199000 -4780
199250 -4830
199500 -4880
199750 -4960
200000 -5040
200250 -5040
200500 -5050
200750 -5030
201000 -5010
201250 -5070
201500 -5130
201750 -5170
202000 -5210
202250 -5180
202500 -5140
202750 -5230
203000 -5310
203250 -5210
203500 -5120
203750 -5200
204000 -5290
204250 -5260
204500 -5240
204750 -5130
205000 -5030
205250 -5080
205500 -5130
205750 -5190
206000 -5250
206250 -5290
206500 -5330
206750 -5350
207000 -5380
207250 -5290
207500 -5200
207750 -5160
208000 -5110
208250 -5050
208500 -5000
208750 -4940
209000 -4890
209250 -4880
209500 -4870
209750 -4890
210000 -4910
210250 -4980
210500 -5050
210750 -5150
211000 -5260
211250 -5290
211500 -5330
211750 -5320
212000 -5310
212250 -5290
212500 -5260
212750 -5240
213000 -5210
213250 -5190
213500 -5160
213750 -5130
214000 -5110
214250 -5090
214500 -5060
214750 -5040
215000 -5020
215250 -4990
215500 -4970
215750 -4950
216000 -4930
216250 -4910
216500 -4890
216750 -4870
217000 -4850
217250 -4830
217500 -4800
217750 -4770
218000 -4750
218250 -4720
218500 -4690
218750 -4670
219000 -4650
219250 -4640
219500 -4620
219750 -4620
220000 -4610
220250 -4610
220500 -4610
220750 -4620
221000 -4630
221250 -4630
221500 -4630
221750 -4620
222000 -4620
222250 -4610
222500 -4610
222750 -4600
223000 -4590
223250 -4590
223500 -4580
223750 -4560
224000 -4540
224250 -4520
224500 -4510
224750 -4500
225000 -4490
225250 -4490
225500 -4480
225750 -4480
226000 -4480
226250 -4480
226500 -4470
226750 -4470
227000 -4460
227250 -4460
227500 -4450
227750 -4450
228000 -4440
228250 -4440
228500 -4430
228750 -4430
229000 -4420
229250 -4420
229500 -4410
229750 -4410
230000 -4410
230250 -4410
230500 -4400
230750 -4400
231000 -4400
231250 -4400
231500 -4390
231750 -4390
232000 -4390
232250 -4390
232500 -4380
232750 -4380
233000 -4380
233250 -4380
233500 -4380
233750 -4380
234000 -4380
234250 -4380
234500 -4380
234750 -4380
235000 -4380
235250 -4390
235500 -4390
235750 -4390
236000 -4390
236250 -4400
236500 -4400
236750 -4400
237000 -4410
237250 -4410
237500 -4420
237750 -4430
238000 -4430
238250 -4440
238500 -4450
238750 -4470
239000 -4480
239250 -4500
239500 -4520
239750 -4530
240000 -4550
240250 -4560
240500 -4580
240750 -4590
241000 -4610
241250 -4620
241500 -4630
241750 -4640
242000 -4650
242250 -4640
242500 -4630
242750 -4630
243000 -4620
243250 -4620
243500 -4620
243750 -4630
244000 -4640
244250 -4650
244500 -4660
244750 -4680
245000 -4690
245250 -4700
245500 -4710
245750 -4720
246000 -4730
246250 -4740
246500 -4760
246750 -4780
247000 -4800
247250 -4820
247500 -4850
247750 -4870
248000 -4890
248250 -4910
248500 -4930
248750 -4850
249000 -4780
249250 -4720
249500 -4660
249750 -4580
250000 -4500
250250 -4520
250500 -4530
250750 -4500
251000 -4470
251250 -4460
251500 -4440
251750 -4440
252000 -4440
252250 -4410
252500 -4380
252750 -4380
253000 -4380
253250 -4380
253500 -4390
253750 -4380
254000 -4360
254250 -4340
254500 -4320
254750 -4280
255000 -4250
255250 -4160
255500 -4070
255750 -3960
256000 -3840
256250 -3730
256500 -3610
256750 -3520
257000 -3440
257250 -3370
257500 -3290
257750 -3190
258000 -3080
258250 -3010
258500 -2940
258750 -2850
259000 -2770
259250 -2680
259500 -2600
259750 -2530
260000 -2450
260250 -2450
260500 -2450
260750 -2490
261000 -2530
261250 -2580
261500 -2630
261750 -2690
262000 -2750
262250 -2810
262500 -2870
262750 -2930
263000 -3000
263250 -3050
263500 -3110
263750 -3170
264000 -3230
264250 -3280
264500 -3340
264750 -3400
265000 -3460
265250 -3510
265500 -3570
265750 -3630
266000 -3680
266250 -3740
266500 -3800
266750 -3850
267000 -3910
267250 -3970
267500 -4020
267750 -4080
268000 -4130
268250 -4190
268500 -4250
268750 -4310
269000 -4370
269250 -4440
269500 -4500
269750 -4560
270000 -4620
270250 -4680
270500 -4730
270750 -4790
271000 -4840
271250 -4900
271500 -4950
271750 -5010
272000 -5060
272250 -5120
272500 -5170
272750 -5220
273000 -5260
273250 -5290
273500 -5320
273750 -5330
274000 -5340
274250 -5360
274500 -5380
274750 -5380
275000 -5380
275250 -5170
275500 -4950
275750 -4570
276000 -4190
276250 -4220
276500 -4250
276750 -4190
277000 -4130
277250 -4110
277500 -4090
277750 -4080
278000 -4060
278250 -4110
278500 -4160
278750 -4090
279000 -4030
279250 -3840
279500 -3660
279750 -3560
280000 -3460
280250 -3400
280500 -3340
280750 -3230
281000 -3120
281250 -3050
281500 -2980
281750 -2860
282000 -2750
282250 -2670
282500 -2600
282750 -2520
283000 -2450
283250 -2360
283500 -2270
283750 -2210
284000 -2140
284250 -2060
284500 -1970
284750 -1880
285000 -1790
285250 -1720
285500 -1660
285750 -1580
286000 -1500
286250 -1390
286500 -1280
286750 -1210
287000 -1150
287250 -1090
287500 -1020
287750 -970
288000 -910
288250 -820
288500 -730
288750 -690
289000 -640
289250 -550
289500 -470
289750 -380
290000 -300
290250 -230
290500 -170
290750 -100
291000 -40
291250 40
291500 110
291750 170
292000 220
292250 270
292500 320
292750 370
293000 430
293250 500
293500 570
293750 640
294000 720
294250 840
294500 970
294750 1110
295000 1250
295250 1310
295500 1380
295750 1480
296000 1570
296250 1690
296500 1800
296750 1850
297000 1900
297250 1950
297500 2000
297750 2070
298000 2140
298250 2210
298500 2280
298750 2330
299000 2370
299250 2450
299500 2530
299750 2630
300000 2720
300250 2780
300500 2840
300750 2890
301000 2940
301250 3050
301500 3160
301750 3270
302000 3390
302250 3450
302500 3510
302750 3560
303000 3600
303250 3670
303500 3740
303750 3870
304000 4000
304250 4060
304500 4130
304750 4190
305000 4250
305250 4310
305500 4380
305750 4430
306000 4480
306250 4460
306500 4450
306750 4430
307000 4410
307250 4390
307500 4370
307750 4350
308000 4330
308250 4310
308500 4290
308750 4270
309000 4250
309250 4230
309500 4210
309750 4190
310000 4170
310250 4160
310500 4140
310750 4120
311000 4100
311250 4080
311500 4060
311750 4040
312000 4030
312250 4010
312500 3990
312750 3970
313000 3950
313250 3930
313500 3910
313750 3890
314000 3870
314250 3850
314500 3830
314750 3810
315000 3790
315250 3780
315500 3760
315750 3740
316000 3720
316250 3710
316500 3690
316750 3670
317000 3650
317250 3630
317500 3620
317750 3600
318000 3580
318250 3560
318500 3540
318750 3530
319000 3510
319250 3490
319500 3470
319750 3460
320000 3440
320250 3420
320500 3410
320750 3390
321000 3380
321250 3360
321500 3340
321750 3320
322000 3310
322250 3290
322500 3270
322750 3260
323000 3240
323250 3220
323500 3210
323750 3190
324000 3170
324250 3160
324500 3140
324750 3120
325000 3110
325250 3090
325500 3070
325750 3050
326000 3040
326250 3020
326500 3000
326750 2985
327000 2970
327250 2955
327500 2940
327750 2920
328000 2900
328250 2885
328500 2870
328750 2855
329000 2840
329250 2825
329500 2810
329750 2795
330000 2780
330250 2765
330500 2750
330750 2735
331000 2720
331250 2705
331500 2690
331750 2675
332000 2660
332250 2645
332500 2630
332750 2610
333000 2590
333250 2580
333500 2570
333750 2555
334000 2540
334250 2525
334500 2510
334750 2495
335000 2480
335250 2465
335500 2450
335750 2440
336000 2430
336250 2415
336500 2400
336750 2385
337000 2370
337250 2360
337500 2350
337750 2335
338000 2320
338250 2305
338500 2290
338750 2275
339000 2260
339250 2250
339500 2240
339750 2225
340000 2210
340250 2200
340500 2190
340750 2175
341000 2160
341250 2150
341500 2140
341750 2125
342000 2110
342250 2100
342500 2090
342750 2075
343000 2060
343250 2050
343500 2040
343750 2030
344000 2020
344250 2005
344500 1990
344750 1980
345000 1970
345250 1960
345500 1950
345750 1940
346000 1930
346250 1915
346500 1900
346750 1890
347000 1880
347250 1870
347500 1860
347750 1850
348000 1840
348250 1830
348500 1820
348750 1810
349000 1800
349250 1790
349500 1780
349750 1770
350000 1760
350250 1750
350500 1740
350750 1730
351000 1720
351250 1705
351500 1690
351750 1680
352000 1670
352250 1660
352500 1650
352750 1640
353000 1630
353250 1625
353500 1620
353750 1610
354000 1600
354250 1590
354500 1580
354750 1570
355000 1560
355250 1550
355500 1540
355750 1530
356000 1520
356250 1510
356500 1500
356750 1490
357000 1480
357250 1470
357500 1460
357750 1450
358000 1440
358250 1430
358500 1420
358750 1410
359000 1400
359250 1395
359500 1390
359750 1380
360000 1370
360250 1360
360500 1350
360750 1340
361000 1330
361250 1320
361500 1310
361750 1300
362000 1290
362250 1285
362500 1280
362750 1270
363000 1260
363250 1250
363500 1240
363750 1235
364000 1230
364250 1220
364500 1210
364750 1200
365000 1190
365250 1180
365500 1170
365750 1165
366000 1160
366250 1150
366500 1140
366750 1135
367000 1130
367250 1120
367500 1110
367750 1100
368000 1090
368250 1085
368500 1080
368750 1070
369000 1060
369250 1055
369500 1050
369750 1045
370000 1040
370250 1030
370500 1020
370750 1015
371000 1010
371250 1000
371500 990
371750 985
372000 980
372250 975
372500 970
372750 960
373000 950
373250 945
373500 940
373750 930
374000 920
374250 915
374500 910
374750 900
375000 890
375250 885
375500 880
375750 875
376000 870
376250 862.5
376500 855
376750 847.5
377000 840
377250 832.5
377500 825
377750 817.5
378000 810
378250 805
378500 800
378750 795
379000 790
379250 782.5
379500 775
379750 767.5
380000 760
380250 755
380500 750
380750 745
381000 740
381250 732.5
381500 725
381750 717.5
382000 710
382250 702.5
382500 695
382750 687.5
383000 680
383250 675
383500 670
383750 665
384000 660
384250 655
384500 650
384750 645
385000 640
385250 632.5
385500 625
385750 617.5
386000 610
386250 605
386500 600
386750 595
387000 590
387250 585
387500 580
387750 575
388000 570
388250 565
388500 560
388750 555
389000 550
389250 545
389500 540
389750 535
390000 530
390250 522.5
390500 515
390750 507.5
391000 500
391250 495
391500 490
391750 485
392000 480
392250 475
392500 470
392750 465
393000 460
393250 455
393500 450
393750 445
394000 440
394250 435
394500 430
394750 425
395000 420
395250 417.5
395500 415
395750 412.5
396000 410
396250 405
396500 400
396750 395
397000 390
397250 385
397500 380
397750 375
398000 370
398250 365
398500 360
398750 355
399000 350
399250 345
399500 340
399750 335
400000 330
400250 325
400500 320
400750 315
401000 310
401250 305
401500 300
401750 295
402000 290
402250 287.5
402500 285
402750 282.5
403000 280
403250 275
403500 270
403750 265
404000 260
404250 257.5
404500 255
404750 252.5
405000 250
405250 245
405500 240
405750 235
406000 230
406250 225
406500 220
406750 215
407000 210
407250 207.5
407500 205
407750 202.5
408000 200
408250 195
408500 190
408750 185
409000 180
409250 175
409500 170
409750 165
410000 160
410250 157.5
410500 155
410750 152.5
411000 150
411250 145
411500 140
411750 135
412000 130
412250 125
412500 120
412750 115
413000 110
413250 107.5
413500 105
413750 102.5
414000 100
414250 95
414500 90
414750 85
415000 80
415250 77.5
415500 75
415750 72.5
416000 70
416250 65
416500 60
416750 55
417000 50
417250 47.5
417500 45
417750 42.5
418000 40
418250 37.5
418500 35
418750 32.5
419000 30
419250 25
419500 20
419750 15
420000 10
420250 7.5
420500 5
420750 2.5
421000 0
421250 -2.5
421500 -5
421750 -7.5
422000 -10
422250 -15
422500 -20
422750 -25
423000 -30
423250 -32.5
423500 -35
423750 -37.5
424000 -40
424250 -42.5
424500 -45
424750 -47.5
425000 -50
425250 -55
425500 -60
425750 -65
426000 -70
426250 -72.5
426500 -75
426750 -77.5
427000 -80
427250 -82.5
427500 -85
427750 -87.5
428000 -90
428250 -92.5
428500 -95
428750 -97.5
429000 -100
429250 -105
429500 -110
429750 -115
430000 -120
430250 -122.5
430500 -125
430750 -127.5
431000 -130
431250 -132.5
431500 -135
431750 -137.5
432000 -140
432250 -142.5
432500 -145
432750 -147.5
433000 -150
433250 -155
433500 -160
433750 -165
434000 -170
434250 -172.5
434500 -175
434750 -177.5
435000 -180
435250 -182.5
435500 -185
435750 -187.5
436000 -190
436250 -192.5
436500 -195
436750 -197.5
437000 -200
437250 -202.5
437500 -205
437750 -207.5
438000 -210
438250 -212.5
438500 -215
438750 -217.5
439000 -220
439250 -222.5
439500 -225
439750 -227.5
440000 -230
440250 -232.5
440500 -235
440750 -237.5
441000 -240
441250 -242.5
441500 -245
441750 -247.5
442000 -250
442250 -252.5
442500 -255
442750 -257.5
443000 -260
443250 -260
443500 -260
443750 -260
444000 -260
444250 -262.5
444500 -265
444750 -267.5
445000 -270
445250 -272.5
445500 -275
445750 -277.5
446000 -280
446250 -282.5
446500 -285
446750 -287.5
447000 -290
447250 -292.5
447500 -295
447750 -297.5
448000 -300
448250 -302.5
448500 -305
448750 -307.5
449000 -310
449250 -312.5
449500 -315
449750 -317.5
450000 -320
450250 -322.5
450500 -325
450750 -327.5
451000 -330
451250 -332.5
451500 -335
451750 -337.5
452000 -340
452250 -340
452500 -340
452750 -340
453000 -340
453250 -342.5
453500 -345
453750 -347.5
454000 -350
454250 -352.5
454500 -355
454750 -357.5
455000 -360
455250 -360
455500 -360
455750 -360
456000 -360
456250 -362.5
456500 -365
456750 -367.5
457000 -370
457250 -370
457500 -370
457750 -370
458000 -370
458250 -372.5
458500 -375
458750 -377.5
459000 -380
459250 -382.5
459500 -385
459750 -387.5
460000 -390
460250 -392.5
460500 -395
460750 -397.5
461000 -400
461250 -400
461500 -400
461750 -400
462000 -400
462250 -402.5
462500 -405
462750 -407.5
463000 -410
463250 -412.5
463500 -415
463750 -417.5
464000 -420
464250 -420
464500 -420
464750 -420
465000 -420
465250 -422.5
465500 -425
465750 -427.5
466000 -430
466250 -430
466500 -430
466750 -430
467000 -430
467250 -432.5
467500 -435
467750 -437.5
468000 -440
468250 -440
468500 -440
468750 -440
469000 -440
469250 -440
469500 -440
469750 -440
470000 -440
470250 -442.5
470500 -445
470750 -447.5
471000 -450
471250 -450
471500 -450
471750 -450
472000 -450
472250 -452.5
472500 -455
472750 -457.5
473000 -460
473250 -462.5
473500 -465
473750 -467.5
474000 -470
474250 -470
474500 -470
474750 -470
475000 -470
475250 -472.5
475500 -475
475750 -477.5
476000 -480
476250 -480
476500 -480
476750 -480
477000 -480
477250 -482.5
477500 -485
477750 -487.5
478000 -490
478250 -490
478500 -490
478750 -490
479000 -490
479250 -490
479500 -490
479750 -490
480000 -490
480250 -492.5
480500 -495
480750 -497.5
481000 -500
481250 -500
481500 -500
481750 -500
482000 -500
482250 -500
482500 -500
482750 -500
483000 -500
483250 -502.5
483500 -505
483750 -507.5
484000 -510
484250 -510
484500 -510
484750 -510
485000 -510
485250 -510
485500 -510
485750 -510
486000 -510
486250 -510
486500 -510
486750 -510
487000 -510
487250 -510
487500 -510
487750 -510
488000 -510
488250 -512.5
488500 -515
488750 -517.5
489000 -520
489250 -520
489500 -520
489750 -520
490000 -520
490250 -522.5
490500 -525
490750 -527.5
491000 -530
491250 -530
491500 -530
491750 -530
492000 -530
492250 -530
492500 -530
492750 -530
493000 -530
493250 -532.5
493500 -535
493750 -537.5
494000 -540
494250 -540
494500 -540
494750 -540
495000 -540
495250 -540
495500 -540
495750 -540
496000 -540
496250 -540
496500 -540
496750 -540
497000 -540
497250 -540
497500 -540
497750 -540
498000 -540
498250 -540
498500 -540
498750 -540
499000 -540
499250 -540
499500 -540
499750 -540
500000 -540

