# Moho depth
# POINTS: 2001
0 4436.7
250 4436.88
500 4437.05
750 4437.22
1000 4437.4
1250 4437.85
1500 4438.3
1750 4438.75
2000 4439.2
2250 4439.95
2500 4440.7
2750 4441.45
3000 4442.2
3250 4443.22
3500 4444.25
3750 4445.28
4000 4446.3
4250 4447.55
4500 4448.8
4750 4450.05
5000 4451.3
5250 4452.75
5500 4454.2
5750 4455.65
6000 4457.1
6250 4458.75
6500 4460.4
6750 4462.05
7000 4463.7
7250 4465.5
7500 4467.3
7750 4469.1
8000 4470.9
8250 4472.82
8500 4474.75
8750 4476.68
9000 4478.6
9250 4480.65
9500 4482.7
9750 4484.75
10000 4486.8
10250 4488.93
10500 4491.05
10750 4493.18
11000 4495.3
11250 4497.5
11500 4499.7
11750 4501.9
12000 4504.1
12250 4506.33
12500 4508.55
12750 4510.77
13000 4513
13250 4515.23
13500 4517.45
13750 4519.67
14000 4521.9
14250 4524.15
14500 4526.4
14750 4528.65
15000 4530.9
15250 4533.15
15500 4535.4
15750 4537.65
16000 4539.9
16250 4542.13
16500 4544.35
16750 4546.58
17000 4548.8
17250 4551
17500 4553.2
17750 4555.4
18000 4557.6
18250 4559.75
18500 4561.9
18750 4564.05
19000 4566.2
19250 4568.3
19500 4570.4
19750 4572.5
20000 4574.6
20250 4576.68
20500 4578.75
20750 4580.82
21000 4582.9
21250 4584.9
21500 4586.9
21750 4588.9
22000 4590.9
22250 4592.88
22500 4594.85
22750 4596.83
23000 4598.8
23250 4600.73
23500 4602.65
23750 4604.57
24000 4606.5
24250 4608.4
24500 4610.3
24750 4612.2
25000 4614.1
25250 4615.95
25500 4617.8
25750 4619.65
26000 4621.5
26250 4623.3
26500 4625.1
26750 4626.9
27000 4628.7
27250 4630.45
27500 4632.2
27750 4633.95
28000 4635.7
28250 4637.45
28500 4639.2
28750 4640.95
29000 4642.7
29250 4644.4
29500 4646.1
29750 4647.8
30000 4649.5
30250 4651.18
30500 4652.85
30750 4654.52
31000 4656.2
31250 4657.85
31500 4659.5
31750 4661.15
32000 4662.8
32250 4664.43
32500 4666.05
32750 4667.68
33000 4669.3
33250 4670.9
33500 4672.5
33750 4674.1
34000 4675.7
34250 4677.3
34500 4678.9
34750 4680.5
35000 4682.1
35250 4683.7
35500 4685.3
35750 4686.9
36000 4688.5
36250 4690.07
36500 4691.65
36750 4693.23
37000 4694.8
37250 4696.35
37500 4697.9
37750 4699.45
38000 4701
38250 4702.57
38500 4704.15
38750 4705.73
39000 4707.3
39250 4708.85
39500 4710.4
39750 4711.95
40000 4713.5
40250 4715.05
40500 4716.6
40750 4718.15
41000 4719.7
41250 4721.27
41500 4722.85
41750 4724.43
42000 4726
42250 4727.55
42500 4729.1
42750 4730.65
43000 4732.2
43250 4733.77
43500 4735.35
43750 4736.93
44000 4738.5
44250 4740.07
44500 4741.65
44750 4743.23
45000 4744.8
45250 4746.4
45500 4748
45750 4749.6
46000 4751.2
46250 4752.8
46500 4754.4
46750 4756
47000 4757.6
47250 4759.2
47500 4760.8
47750 4762.4
48000 4764
48250 4765.63
48500 4767.25
48750 4768.88
49000 4770.5
49250 4772.15
49500 4773.8
49750 4775.45
50000 4777.1
50250 4778.78
50500 4780.45
50750 4782.13
51000 4783.8
51250 4785.48
51500 4787.15
51750 4788.82
52000 4790.5
52250 4792.2
52500 4793.9
52750 4795.6
53000 4797.3
53250 4799.03
53500 4800.75
53750 4802.47
54000 4804.2
54250 4805.95
54500 4807.7
54750 4809.45
55000 4811.2
55250 4812.97
55500 4814.75
55750 4816.53
56000 4818.3
56250 4820.1
56500 4821.9
56750 4823.7
57000 4825.5
57250 4827.35
57500 4829.2
57750 4831.05
58000 4832.9
58250 4834.75
58500 4836.6
58750 4838.45
59000 4840.3
59250 4842.2
59500 4844.1
59750 4846
60000 4847.9
60250 4849.85
60500 4851.8
60750 4853.75
61000 4855.7
61250 4857.67
61500 4859.65
61750 4861.63
62000 4863.6
62250 4865.6
62500 4867.6
62750 4869.6
63000 4871.6
63250 4873.65
63500 4875.7
63750 4877.75
64000 4879.8
64250 4881.88
64500 4883.95
64750 4886.03
65000 4888.1
65250 4890.23
65500 4892.35
65750 4894.48
66000 4896.6
66250 4898.78
66500 4900.95
66750 4903.13
67000 4905.3
67250 4907.53
67500 4909.75
67750 4911.97
68000 4914.2
68250 4916.47
68500 4918.75
68750 4921.03
69000 4923.3
69250 4925.6
69500 4927.9
69750 4930.2
70000 4932.5
70250 4934.88
70500 4937.25
70750 4939.63
71000 4942
71250 4944.4
71500 4946.8
71750 4949.2
72000 4951.6
72250 4954.08
72500 4956.55
72750 4959.02
73000 4961.5
73250 4964.02
73500 4966.55
73750 4969.08
74000 4971.6
74250 4974.18
74500 4976.75
74750 4979.32
75000 4981.9
75250 4984.55
75500 4987.2
75750 4989.85
76000 4992.5
76250 4995.2
76500 4997.9
76750 5000.6
77000 5003.3
77250 5006.05
77500 5008.8
77750 5011.55
78000 5014.3
78250 5017.1
78500 5019.9
78750 5022.7
79000 5025.5
79250 5028.38
79500 5031.25
79750 5034.13
80000 5037
80250 5039.9
80500 5042.8
80750 5045.7
81000 5048.6
81250 5051.53
81500 5054.45
81750 5057.38
82000 5060.3
82250 5063.3
82500 5066.3
82750 5069.3
83000 5072.3
83250 5075.35
83500 5078.4
83750 5081.45
84000 5084.5
84250 5087.63
84500 5090.75
84750 5093.88
85000 5097
85250 5100.2
85500 5103.4
85750 5106.6
86000 5109.8
86250 5113.05
86500 5116.3
86750 5119.55
87000 5122.8
87250 5126.15
87500 5129.5
87750 5132.85
88000 5136.2
88250 5139.6
88500 5143
88750 5146.4
89000 5149.8
89250 5153.28
89500 5156.75
89750 5160.22
90000 5163.7
90250 5167.27
90500 5170.85
90750 5174.43
91000 5178
91250 5181.63
91500 5185.25
91750 5188.88
92000 5192.5
92250 5196.2
92500 5199.9
92750 5203.6
93000 5207.3
93250 5211.1
93500 5214.9
93750 5218.7
94000 5222.5
94250 5226.35
94500 5230.2
94750 5234.05
95000 5237.9
95250 5241.85
95500 5245.8
95750 5249.75
96000 5253.7
96250 5257.75
96500 5261.8
96750 5265.85
97000 5269.9
97250 5274
97500 5278.1
97750 5282.2
98000 5286.3
98250 5290.5
98500 5294.7
98750 5298.9
99000 5303.1
99250 5307.4
99500 5311.7
99750 5316
100000 5320.3
100250 5324.68
100500 5329.05
100750 5333.43
101000 5337.8
101250 5342.25
101500 5346.7
101750 5351.15
102000 5355.6
102250 5360.15
102500 5364.7
102750 5369.25
103000 5373.8
103250 5378.43
103500 5383.05
103750 5387.68
104000 5392.3
104250 5397
104500 5401.7
104750 5406.4
105000 5411.1
105250 5415.93
105500 5420.75
105750 5425.57
106000 5430.4
106250 5435.3
106500 5440.2
106750 5445.1
107000 5450
107250 5454.98
107500 5459.95
107750 5464.92
108000 5469.9
108250 5474.97
108500 5480.05
108750 5485.13
109000 5490.2
109250 5495.38
109500 5500.55
109750 5505.72
110000 5510.9
110250 5516.15
110500 5521.4
110750 5526.65
111000 5531.9
111250 5537.25
111500 5542.6
111750 5547.95
112000 5553.3
112250 5558.73
112500 5564.15
112750 5569.57
113000 5575
113250 5580.52
113500 5586.05
113750 5591.58
114000 5597.1
114250 5602.73
114500 5608.35
114750 5613.98
115000 5619.6
115250 5625.3
115500 5631
115750 5636.7
116000 5642.4
116250 5648.17
116500 5653.95
116750 5659.73
117000 5665.5
117250 5671.35
117500 5677.2
117750 5683.05
118000 5688.9
118250 5694.87
118500 5700.85
118750 5706.83
119000 5712.8
119250 5718.83
119500 5724.85
119750 5730.87
120000 5736.9
120250 5743.02
120500 5749.15
120750 5755.27
121000 5761.4
121250 5767.6
121500 5773.8
121750 5780
122000 5786.2
122250 5792.47
122500 5798.75
122750 5805.03
123000 5811.3
123250 5817.68
123500 5824.05
123750 5830.43
124000 5836.8
124250 5843.23
124500 5849.65
124750 5856.07
125000 5862.5
125250 5869.02
125500 5875.55
125750 5882.08
126000 5888.6
126250 5895.18
126500 5901.75
126750 5908.32
127000 5914.9
127250 5921.57
127500 5928.25
127750 5934.93
128000 5941.6
128250 5948.33
128500 5955.05
128750 5961.77
129000 5968.5
129250 5975.3
129500 5982.1
129750 5988.9
130000 5995.7
130250 6002.57
130500 6009.45
130750 6016.32
131000 6023.2
131250 6030.07
131500 6036.95
131750 6043.82
132000 6050.7
132250 6057.52
132500 6064.35
132750 6071.18
133000 6078
133250 6084.88
133500 6091.75
133750 6098.63
134000 6105.5
134250 6112.45
134500 6119.4
134750 6126.35
135000 6133.3
135250 6140.3
135500 6147.3
135750 6154.3
136000 6161.3
136250 6168.35
136500 6175.4
136750 6182.45
137000 6189.5
137250 6196.65
137500 6203.8
137750 6210.95
138000 6218.1
138250 6225.3
138500 6232.5
138750 6239.7
139000 6246.9
139250 6254.17
139500 6261.45
139750 6268.73
140000 6276
140250 6283.35
140500 6290.7
140750 6298.05
141000 6305.4
141250 6312.82
141500 6320.25
141750 6327.68
142000 6335.1
142250 6342.63
142500 6350.15
142750 6357.67
143000 6365.2
143250 6372.8
143500 6380.4
143750 6388
144000 6395.6
144250 6403.3
144500 6411
144750 6418.7
145000 6426.4
145250 6434.17
145500 6441.95
145750 6449.73
146000 6457.5
146250 6465.4
146500 6473.3
146750 6481.2
147000 6489.1
147250 6497.1
147500 6505.1
147750 6513.1
148000 6521.1
148250 6529.23
148500 6537.35
148750 6545.48
149000 6553.6
149250 6561.85
149500 6570.1
149750 6578.35
150000 6586.6
150250 6594.98
150500 6603.35
150750 6611.73
151000 6620.1
151250 6628.63
151500 6637.15
151750 6645.67
152000 6654.2
152250 6662.88
152500 6671.55
152750 6680.22
153000 6688.9
153250 6697.75
153500 6706.6
153750 6715.45
154000 6724.3
154250 6733.33
154500 6742.35
154750 6751.37
155000 6760.4
155250 6769.6
155500 6778.8
155750 6788
156000 6797.2
156250 6806.57
156500 6815.95
156750 6825.32
157000 6834.7
157250 6844.32
157500 6853.95
157750 6863.57
158000 6873.2
158250 6883.02
158500 6892.85
158750 6902.68
159000 6912.5
159250 6922.55
159500 6932.6
159750 6942.65
160000 6952.7
160250 6963.02
160500 6973.35
160750 6983.68
161000 6994
161250 7004.5
161500 7015
161750 7025.5
162000 7036
162250 7046.57
162500 7057.15
162750 7067.73
163000 7078.3
163250 7089.2
163500 7100.1
163750 7111
164000 7121.9
164250 7133.07
164500 7144.25
164750 7155.43
165000 7166.6
165250 7178.13
165500 7189.65
165750 7201.17
166000 7212.7
166250 7224.57
166500 7236.45
166750 7248.32
167000 7260.2
167250 7272.47
167500 7284.75
167750 7297.03
168000 7309.3
168250 7321.95
168500 7334.6
168750 7347.25
169000 7359.9
169250 7372.97
169500 7386.05
169750 7399.13
170000 7412.2
170250 7425.75
170500 7439.3
170750 7452.85
171000 7466.4
171250 7480.42
171500 7494.45
171750 7508.48
172000 7522.5
172250 7537.02
172500 7551.55
172750 7566.08
173000 7580.6
173250 7595.7
173500 7610.8
173750 7625.9
174000 7641
174250 7656.7
174500 7672.4
174750 7688.1
175000 7703.8
175250 7720.15
175500 7736.5
175750 7752.85
176000 7769.2
176250 7786.22
176500 7803.25
176750 7820.28
177000 7837.3
177250 7855.05
177500 7872.8
177750 7890.55
178000 7908.3
178250 7926.85
178500 7945.4
178750 7963.95
179000 7982.5
179250 8001.55
179500 8020.6
179750 8039.65
180000 8058.7
180250 8078.5
180500 8098.3
180750 8118.1
181000 8137.9
181250 8158.65
181500 8179.4
181750 8200.15
182000 8220.9
182250 8242.67
182500 8264.45
182750 8286.23
183000 8308
183250 8330.83
183500 8353.65
183750 8376.47
184000 8399.3
184250 8423.25
184500 8447.2
184750 8471.15
185000 8495.1
185250 8520.25
185500 8545.4
185750 8570.55
186000 8595.7
186250 8622.08
186500 8648.45
186750 8674.83
187000 8701.2
187250 8728.88
187500 8756.55
187750 8784.22
188000 8811.9
188250 8840.92
188500 8869.95
188750 8898.98
189000 8928
189250 8958.02
189500 8988.05
189750 9018.08
190000 9048.1
190250 9079.15
190500 9110.2
190750 9141.25
191000 9172.3
191250 9204.75
191500 9237.2
191750 9269.65
192000 9302.1
192250 9335.95
192500 9369.8
192750 9403.65
193000 9437.5
193250 9472.75
193500 9508
193750 9543.25
194000 9578.5
194250 9615.15
194500 9651.8
194750 9688.45
195000 9725.1
195250 9763.08
195500 9801.05
195750 9839.02
196000 9877
196250 9915.75
196500 9954.5
196750 9993.25
197000 10032
197250 10071.8
197500 10111.5
197750 10151.3
198000 10191
198250 10231.5
198500 10272
198750 10312.5
199000 10353
199250 10394.8
199500 10436.5
199750 10478.3
200000 10520
200250 10563
200500 10606
200750 10649
201000 10692
201250 10735.8
201500 10779.5
201750 10823.3
202000 10867
202250 10911
202500 10955
202750 10999
203000 11043
203250 11087
203500 11131
203750 11175
204000 11219
204250 11263.8
204500 11308.5
204750 11353.3
205000 11398
205250 11443.5
205500 11489
205750 11534.5
206000 11580
206250 11625.8
206500 11671.5
206750 11717.3
207000 11763
207250 11809.3
207500 11855.5
207750 11901.8
208000 11948
208250 11993.3
208500 12038.5
208750 12083.8
209000 12129
209250 12174.5
209500 12220
209750 12265.5
210000 12311
210250 12356.5
210500 12402
210750 12447.5
211000 12493
211250 12538.5
211500 12584
211750 12629.5
212000 12675
212250 12720.3
212500 12765.5
212750 12810.8
213000 12856
213250 12900.5
213500 12945
213750 12989.5
214000 13034
214250 13077.5
214500 13121
214750 13164.5
215000 13208
215250 13251
215500 13294
215750 13337
216000 13380
216250 13422.8
216500 13465.5
216750 13508.3
217000 13551
217250 13592.8
217500 13634.5
217750 13676.3
218000 13718
218250 13759
218500 13800
218750 13841
219000 13882
219250 13921.3
219500 13960.5
219750 13999.8
220000 14039
220250 14076.8
220500 14114.5
220750 14152.3
221000 14190
221250 14226.8
221500 14263.5
221750 14300.3
222000 14337
222250 14372.5
222500 14408
222750 14443.5
223000 14479
223250 14512.8
223500 14546.5
223750 14580.3
224000 14614
224250 14646.3
224500 14678.5
224750 14710.8
225000 14743
225250 14773.3
225500 14803.5
225750 14833.8
226000 14864
226250 14892
226500 14920
226750 14948
227000 14976
227250 15001.5
227500 15027
227750 15052.5
228000 15078
228250 15101.3
228500 15124.5
228750 15147.8
229000 15171
229250 15192
229500 15213
229750 15234
230000 15255
230250 15273.5
230500 15292
230750 15310.5
231000 15329
231250 15344.5
231500 15360
231750 15375.5
232000 15391
232250 15403.8
232500 15416.5
232750 15429.3
233000 15442
233250 15451.8
233500 15461.5
233750 15471.3
234000 15481
234250 15487.8
234500 15494.5
234750 15501.3
235000 15508
235250 15511.3
235500 15514.5
235750 15517.8
236000 15521
236250 15521.3
236500 15521.5
236750 15521.8
237000 15522
237250 15518.8
237500 15515.5
237750 15512.3
238000 15509
238250 15502.3
238500 15495.5
238750 15488.8
239000 15482
239250 15471.8
239500 15461.5
239750 15451.3
240000 15441
240250 15427.3
240500 15413.5
240750 15399.8
241000 15386
241250 15368.8
241500 15351.5
241750 15334.3
242000 15317
242250 15296.5
242500 15276
242750 15255.5
243000 15235
243250 15211
243500 15187
243750 15163
244000 15139
244250 15112
244500 15085
244750 15058
245000 15031
245250 15000.5
245500 14970
245750 14939.5
246000 14909
246250 14875
246500 14841
246750 14807
247000 14773
247250 14736.3
247500 14699.5
247750 14662.8
248000 14626
248250 14586.3
248500 14546.5
248750 14506.8
249000 14467
249250 14425
249500 14383
249750 14341
250000 14299
250250 14254.5
250500 14210
250750 14165.5
251000 14121
251250 14074.8
251500 14028.5
251750 13982.3
252000 13936
252250 13886.8
252500 13837.5
252750 13788.3
253000 13739
253250 13688.3
253500 13637.5
253750 13586.8
254000 13536
254250 13483.8
254500 13431.5
254750 13379.3
255000 13327
255250 13273.8
255500 13220.5
255750 13167.3
256000 13114
256250 13060
256500 13006
256750 12952
257000 12898
257250 12842
257500 12786
257750 12730
258000 12674
258250 12618
258500 12562
258750 12506
259000 12450
259250 12393.8
259500 12337.5
259750 12281.3
260000 12225
260250 12168.8
260500 12112.5
260750 12056.3
261000 12000
261250 11943.3
261500 11886.5
261750 11829.8
262000 11773
262250 11716.3
262500 11659.5
262750 11602.8
263000 11546
263250 11490.3
263500 11434.5
263750 11378.8
264000 11323
264250 11268
264500 11213
264750 11158
265000 11103
265250 11048.5
265500 10994
265750 10939.5
266000 10885
266250 10831
266500 10777
266750 10723
267000 10669
267250 10616
267500 10563
267750 10510
268000 10457
268250 10405.8
268500 10354.5
268750 10303.3
269000 10252
269250 10202.3
269500 10152.5
269750 10102.8
270000 10053
270250 10004.1
270500 9955.15
270750 9906.22
271000 9857.3
271250 9809.7
271500 9762.1
271750 9714.5
272000 9666.9
272250 9621.13
272500 9575.35
272750 9529.57
273000 9483.8
273250 9439.8
273500 9395.8
273750 9351.8
274000 9307.8
274250 9265.7
274500 9223.6
274750 9181.5
275000 9139.4
275250 9099.07
275500 9058.75
275750 9018.43
276000 8978.1
276250 8938.9
276500 8899.7
276750 8860.5
277000 8821.3
277250 8784
277500 8746.7
277750 8709.4
278000 8672.1
278250 8636.68
278500 8601.25
278750 8565.82
279000 8530.4
279250 8496.82
279500 8463.25
279750 8429.68
280000 8396.1
280250 8364.3
280500 8332.5
280750 8300.7
281000 8268.9
281250 8238.85
281500 8208.8
281750 8178.75
282000 8148.7
282250 8120.32
282500 8091.95
282750 8063.57
283000 8035.2
283250 8008.02
283500 7980.85
283750 7953.68
284000 7926.5
284250 7900.7
284500 7874.9
284750 7849.1
285000 7823.3
285250 7798.95
285500 7774.6
285750 7750.25
286000 7725.9
286250 7702.92
286500 7679.95
286750 7656.98
287000 7634
287250 7612.32
287500 7590.65
287750 7568.98
288000 7547.3
288250 7526.85
288500 7506.4
288750 7485.95
289000 7465.5
289250 7446.18
289500 7426.85
289750 7407.52
290000 7388.2
290250 7369.95
290500 7351.7
290750 7333.45
291000 7315.2
291250 7297.92
291500 7280.65
291750 7263.38
292000 7246.1
292250 7229.75
292500 7213.4
292750 7197.05
293000 7180.7
293250 7165.2
293500 7149.7
293750 7134.2
294000 7118.7
294250 7104
294500 7089.3
294750 7074.6
295000 7059.9
295250 7045.82
295500 7031.75
295750 7017.68
296000 7003.6
296250 6990
296500 6976.4
296750 6962.8
297000 6949.2
297250 6936.22
297500 6923.25
297750 6910.28
298000 6897.3
298250 6884.93
298500 6872.55
298750 6860.18
299000 6847.8
299250 6835.98
299500 6824.15
299750 6812.32
300000 6800.5
300250 6789.2
300500 6777.9
300750 6766.6
301000 6755.3
301250 6744.45
301500 6733.6
301750 6722.75
302000 6711.9
302250 6701.5
302500 6691.1
302750 6680.7
303000 6670.3
303250 6660.33
303500 6650.35
303750 6640.37
304000 6630.4
304250 6620.77
304500 6611.15
304750 6601.52
305000 6591.9
305250 6582.62
305500 6573.35
305750 6564.08
306000 6554.8
306250 6545.85
306500 6536.9
306750 6527.95
307000 6519
307250 6510.32
307500 6501.65
307750 6492.98
308000 6484.3
308250 6475.93
308500 6467.55
308750 6459.18
309000 6450.8
309250 6442.68
309500 6434.55
309750 6426.43
310000 6418.3
310250 6410.43
310500 6402.55
310750 6394.68
311000 6386.8
311250 6379.15
311500 6371.5
311750 6363.85
312000 6356.2
312250 6348.72
312500 6341.25
312750 6333.78
313000 6326.3
313250 6319.05
313500 6311.8
313750 6304.55
314000 6297.3
314250 6290.23
314500 6283.15
314750 6276.07
315000 6269
315250 6262.07
315500 6255.15
315750 6248.23
316000 6241.3
316250 6234.55
316500 6227.8
316750 6221.05
317000 6214.3
317250 6207.7
317500 6201.1
317750 6194.5
318000 6187.9
318250 6181.42
318500 6174.95
318750 6168.48
319000 6162
319250 6155.65
319500 6149.3
319750 6142.95
320000 6136.6
320250 6130.38
320500 6124.15
320750 6117.92
321000 6111.7
321250 6105.57
321500 6099.45
321750 6093.32
322000 6087.2
322250 6081.2
322500 6075.2
322750 6069.2
323000 6063.2
323250 6057.2
323500 6051.2
323750 6045.2
324000 6039.2
324250 6033.2
324500 6027.2
324750 6021.2
325000 6015.2
325250 6009.3
325500 6003.4
325750 5997.5
326000 5991.6
326250 5985.8
326500 5980
326750 5974.2
327000 5968.4
327250 5962.65
327500 5956.9
327750 5951.15
328000 5945.4
328250 5939.75
328500 5934.1
328750 5928.45
329000 5922.8
329250 5917.23
329500 5911.65
329750 5906.07
330000 5900.5
330250 5895
330500 5889.5
330750 5884
331000 5878.5
331250 5873.05
331500 5867.6
331750 5862.15
332000 5856.7
332250 5851.32
332500 5845.95
332750 5840.57
333000 5835.2
333250 5829.88
333500 5824.55
333750 5819.22
334000 5813.9
334250 5808.65
334500 5803.4
334750 5798.15
335000 5792.9
335250 5787.7
335500 5782.5
335750 5777.3
336000 5772.1
336250 5766.98
336500 5761.85
336750 5756.73
337000 5751.6
337250 5746.55
337500 5741.5
337750 5736.45
338000 5731.4
338250 5726.4
338500 5721.4
338750 5716.4
339000 5711.4
339250 5706.47
339500 5701.55
339750 5696.63
340000 5691.7
340250 5686.85
340500 5682
340750 5677.15
341000 5672.3
341250 5667.5
341500 5662.7
341750 5657.9
342000 5653.1
342250 5648.38
342500 5643.65
342750 5638.92
343000 5634.2
343250 5629.55
343500 5624.9
343750 5620.25
344000 5615.6
344250 5611
344500 5606.4
344750 5601.8
345000 5597.2
345250 5592.67
345500 5588.15
345750 5583.63
346000 5579.1
346250 5574.65
346500 5570.2
346750 5565.75
347000 5561.3
347250 5556.93
347500 5552.55
347750 5548.18
348000 5543.8
348250 5539.48
348500 5535.15
348750 5530.82
349000 5526.5
349250 5522.27
349500 5518.05
349750 5513.83
350000 5509.6
350250 5505.43
350500 5501.25
350750 5497.07
351000 5492.9
351250 5488.8
351500 5484.7
351750 5480.6
352000 5476.5
352250 5472.45
352500 5468.4
352750 5464.35
353000 5460.3
353250 5456.35
353500 5452.4
353750 5448.45
354000 5444.5
354250 5440.6
354500 5436.7
354750 5432.8
355000 5428.9
355250 5425.07
355500 5421.25
355750 5417.43
356000 5413.6
356250 5409.83
356500 5406.05
356750 5402.27
357000 5398.5
357250 5394.8
357500 5391.1
357750 5387.4
358000 5383.7
358250 5380.07
358500 5376.45
358750 5372.82
359000 5369.2
359250 5365.63
359500 5362.05
359750 5358.47
360000 5354.9
360250 5351.4
360500 5347.9
360750 5344.4
361000 5340.9
361250 5337.45
361500 5334
361750 5330.55
362000 5327.1
362250 5323.73
362500 5320.35
362750 5316.98
363000 5313.6
363250 5310.28
363500 5306.95
363750 5303.63
364000 5300.3
364250 5297.05
364500 5293.8
364750 5290.55
365000 5287.3
365250 5284.1
365500 5280.9
365750 5277.7
366000 5274.5
366250 5271.38
366500 5268.25
366750 5265.13
367000 5262
367250 5258.93
367500 5255.85
367750 5252.77
368000 5249.7
368250 5246.67
368500 5243.65
368750 5240.63
369000 5237.6
369250 5234.63
369500 5231.65
369750 5228.67
370000 5225.7
370250 5222.8
370500 5219.9
370750 5217
371000 5214.1
371250 5211.23
371500 5208.35
371750 5205.48
372000 5202.6
372250 5199.8
372500 5197
372750 5194.2
373000 5191.4
373250 5188.65
373500 5185.9
373750 5183.15
374000 5180.4
374250 5177.7
374500 5175
374750 5172.3
375000 5169.6
375250 5166.95
375500 5164.3
375750 5161.65
376000 5159
376250 5156.38
376500 5153.75
376750 5151.13
377000 5148.5
377250 5145.95
377500 5143.4
377750 5140.85
378000 5138.3
378250 5135.8
378500 5133.3
378750 5130.8
379000 5128.3
379250 5125.83
379500 5123.35
379750 5120.88
380000 5118.4
380250 5116
380500 5113.6
380750 5111.2
381000 5108.8
381250 5106.43
381500 5104.05
381750 5101.68
382000 5099.3
382250 5096.98
382500 5094.65
382750 5092.32
383000 5090
383250 5087.7
383500 5085.4
383750 5083.1
384000 5080.8
384250 5078.55
384500 5076.3
384750 5074.05
385000 5071.8
385250 5069.6
385500 5067.4
385750 5065.2
386000 5063
386250 5060.82
386500 5058.65
386750 5056.48
387000 5054.3
387250 5052.1
387500 5049.9
387750 5047.7
388000 5045.5
388250 5043.38
388500 5041.25
388750 5039.13
389000 5037
389250 5034.88
389500 5032.75
389750 5030.63
390000 5028.5
390250 5026.45
390500 5024.4
390750 5022.35
391000 5020.3
391250 5018.25
391500 5016.2
391750 5014.15
392000 5012.1
392250 5010.13
392500 5008.15
392750 5006.17
393000 5004.2
393250 5002.22
393500 5000.25
393750 4998.28
394000 4996.3
394250 4994.38
394500 4992.45
394750 4990.53
395000 4988.6
395250 4986.73
395500 4984.85
395750 4982.98
396000 4981.1
396250 4979.25
396500 4977.4
396750 4975.55
397000 4973.7
397250 4971.88
397500 4970.05
397750 4968.22
398000 4966.4
398250 4964.63
398500 4962.85
398750 4961.08
399000 4959.3
399250 4957.55
399500 4955.8
399750 4954.05
400000 4952.3
400250 4950.58
400500 4948.85
400750 4947.13
401000 4945.4
401250 4943.7
401500 4942
401750 4940.3
402000 4938.6
402250 4936.95
402500 4935.3
402750 4933.65
403000 4932
403250 4930.38
403500 4928.75
403750 4927.13
404000 4925.5
404250 4923.88
404500 4922.25
404750 4920.63
405000 4919
405250 4917.43
405500 4915.85
405750 4914.27
406000 4912.7
406250 4911.15
406500 4909.6
406750 4908.05
407000 4906.5
407250 4904.98
407500 4903.45
407750 4901.92
408000 4900.4
408250 4898.92
408500 4897.45
408750 4895.98
409000 4894.5
409250 4893.02
409500 4891.55
409750 4890.08
410000 4888.6
410250 4887.15
410500 4885.7
410750 4884.25
411000 4882.8
411250 4881.38
411500 4879.95
411750 4878.53
412000 4877.1
412250 4875.73
412500 4874.35
412750 4872.98
413000 4871.6
413250 4870.23
413500 4868.85
413750 4867.48
414000 4866.1
414250 4864.75
414500 4863.4
414750 4862.05
415000 4860.7
415250 4859.38
415500 4858.05
415750 4856.72
416000 4855.4
416250 4854.1
416500 4852.8
416750 4851.5
417000 4850.2
417250 4848.9
417500 4847.6
417750 4846.3
418000 4845
418250 4843.75
418500 4842.5
418750 4841.25
419000 4840
419250 4838.75
419500 4837.5
419750 4836.25
420000 4835
420250 4833.77
420500 4832.55
420750 4831.33
421000 4830.1
421250 4828.9
421500 4827.7
421750 4826.5
422000 4825.3
422250 4824.13
422500 4822.95
422750 4821.78
423000 4820.6
423250 4819.43
423500 4818.25
423750 4817.07
424000 4815.9
424250 4814.77
424500 4813.65
424750 4812.52
425000 4811.4
425250 4810.27
425500 4809.15
425750 4808.02
426000 4806.9
426250 4805.8
426500 4804.7
426750 4803.6
427000 4802.5
427250 4801.4
427500 4800.3
427750 4799.2
428000 4798.1
428250 4797.03
428500 4795.95
428750 4794.88
429000 4793.8
429250 4792.73
429500 4791.65
429750 4790.57
430000 4789.5
430250 4788.48
430500 4787.45
430750 4786.42
431000 4785.4
431250 4784.35
431500 4783.3
431750 4782.25
432000 4781.2
432250 4780.2
432500 4779.2
432750 4778.2
433000 4777.2
433250 4776.2
433500 4775.2
433750 4774.2
434000 4773.2
434250 4772.2
434500 4771.2
434750 4770.2
435000 4769.2
435250 4768.22
435500 4767.25
435750 4766.28
436000 4765.3
436250 4764.33
436500 4763.35
436750 4762.38
437000 4761.4
437250 4760.45
437500 4759.5
437750 4758.55
438000 4757.6
438250 4756.65
438500 4755.7
438750 4754.75
439000 4753.8
439250 4752.85
439500 4751.9
439750 4750.95
440000 4750
440250 4749.07
440500 4748.15
440750 4747.23
441000 4746.3
441250 4745.38
441500 4744.45
441750 4743.53
442000 4742.6
442250 4741.68
442500 4740.75
442750 4739.82
443000 4738.9
443250 4737.97
443500 4737.05
443750 4736.13
444000 4735.2
444250 4734.27
444500 4733.35
444750 4732.43
445000 4731.5
445250 4730.6
445500 4729.7
445750 4728.8
446000 4727.9
446250 4727
446500 4726.1
446750 4725.2
447000 4724.3
447250 4723.38
447500 4722.45
447750 4721.53
448000 4720.6
448250 4719.7
448500 4718.8
448750 4717.9
449000 4717
449250 4716.1
449500 4715.2
449750 4714.3
450000 4713.4
450250 4712.47
450500 4711.55
450750 4710.63
451000 4709.7
451250 4708.77
451500 4707.85
451750 4706.93
452000 4706
452250 4705.07
452500 4704.15
452750 4703.23
453000 4702.3
453250 4701.38
453500 4700.45
453750 4699.53
454000 4698.6
454250 4697.68
454500 4696.75
454750 4695.82
455000 4694.9
455250 4693.95
455500 4693
455750 4692.05
456000 4691.1
456250 4690.15
456500 4689.2
456750 4688.25
457000 4687.3
457250 4686.33
457500 4685.35
457750 4684.38
458000 4683.4
458250 4682.45
458500 4681.5
458750 4680.55
459000 4679.6
459250 4678.6
459500 4677.6
459750 4676.6
460000 4675.6
460250 4674.6
460500 4673.6
460750 4672.6
461000 4671.6
461250 4670.58
461500 4669.55
461750 4668.52
462000 4667.5
462250 4666.45
462500 4665.4
462750 4664.35
463000 4663.3
463250 4662.23
463500 4661.15
463750 4660.07
464000 4659
464250 4657.93
464500 4656.85
464750 4655.77
465000 4654.7
465250 4653.57
465500 4652.45
465750 4651.32
466000 4650.2
466250 4649.05
466500 4647.9
466750 4646.75
467000 4645.6
467250 4644.43
467500 4643.25
467750 4642.07
468000 4640.9
468250 4639.7
468500 4638.5
468750 4637.3
469000 4636.1
469250 4634.85
469500 4633.6
469750 4632.35
470000 4631.1
470250 4629.8
470500 4628.5
470750 4627.2
471000 4625.9
471250 4624.57
471500 4623.25
471750 4621.93
472000 4620.6
472250 4619.23
472500 4617.85
472750 4616.48
473000 4615.1
473250 4613.68
473500 4612.25
473750 4610.82
474000 4609.4
474250 4607.92
474500 4606.45
474750 4604.98
475000 4603.5
475250 4601.95
475500 4600.4
475750 4598.85
476000 4597.3
476250 4595.73
476500 4594.15
476750 4592.57
477000 4591
477250 4589.35
477500 4587.7
477750 4586.05
478000 4584.4
478250 4582.67
478500 4580.95
478750 4579.23
479000 4577.5
479250 4575.75
479500 4574
479750 4572.25
480000 4570.5
480250 4568.68
480500 4566.85
480750 4565.02
481000 4563.2
481250 4561.32
481500 4559.45
481750 4557.57
482000 4555.7
482250 4553.77
482500 4551.85
482750 4549.93
483000 4548
483250 4546.02
483500 4544.05
483750 4542.08
484000 4540.1
484250 4538.1
484500 4536.1
484750 4534.1
485000 4532.1
485250 4530.08
485500 4528.05
485750 4526.02
486000 4524
486250 4521.98
486500 4519.95
486750 4517.92
487000 4515.9
487250 4513.88
487500 4511.85
487750 4509.83
488000 4507.8
488250 4505.8
488500 4503.8
488750 4501.8
489000 4499.8
489250 4497.85
489500 4495.9
489750 4493.95
490000 4492
490250 4490.15
490500 4488.3
490750 4486.45
491000 4484.6
491250 4482.8
491500 4481
491750 4479.2
492000 4477.4
492250 4475.72
492500 4474.05
492750 4472.38
493000 4470.7
493250 4469.17
493500 4467.65
493750 4466.13
494000 4464.6
494250 4463.25
494500 4461.9
494750 4460.55
495000 4459.2
495250 4458.05
495500 4456.9
495750 4455.75
496000 4454.6
496250 4453.65
496500 4452.7
496750 4451.75
497000 4450.8
497250 4450.1
497500 4449.4
497750 4448.7
498000 4448
498250 4447.57
498500 4447.15
498750 4446.73
499000 4446.3
499250 4446.13
499500 4445.95
499750 4445.78
500000 4445.6

